r_A g_B_B g_B_Fe g_Fe_Fe
1.000000000000000021e-02 0.000000000000000000e+00 0.000000000000000000e+00 0.000000000000000000e+00
2.999999999999999889e-02 0.000000000000000000e+00 0.000000000000000000e+00 0.000000000000000000e+00
5.000000000000000278e-02 0.000000000000000000e+00 0.000000000000000000e+00 0.000000000000000000e+00
7.000000000000000666e-02 0.000000000000000000e+00 0.000000000000000000e+00 0.000000000000000000e+00
8.999999999999999667e-02 0.000000000000000000e+00 0.000000000000000000e+00 0.000000000000000000e+00
1.100000000000000006e-01 0.000000000000000000e+00 0.000000000000000000e+00 0.000000000000000000e+00
1.300000000000000044e-01 0.000000000000000000e+00 0.000000000000000000e+00 0.000000000000000000e+00
1.500000000000000222e-01 0.000000000000000000e+00 0.000000000000000000e+00 0.000000000000000000e+00
1.699999999999999845e-01 0.000000000000000000e+00 0.000000000000000000e+00 0.000000000000000000e+00
1.900000000000000022e-01 0.000000000000000000e+00 0.000000000000000000e+00 0.000000000000000000e+00
2.100000000000000200e-01 0.000000000000000000e+00 0.000000000000000000e+00 0.000000000000000000e+00
2.299999999999999822e-01 0.000000000000000000e+00 0.000000000000000000e+00 0.000000000000000000e+00
2.500000000000000000e-01 0.000000000000000000e+00 0.000000000000000000e+00 0.000000000000000000e+00
2.700000000000000178e-01 0.000000000000000000e+00 0.000000000000000000e+00 0.000000000000000000e+00
2.900000000000000355e-01 0.000000000000000000e+00 0.000000000000000000e+00 0.000000000000000000e+00
3.099999999999999978e-01 0.000000000000000000e+00 0.000000000000000000e+00 0.000000000000000000e+00
3.300000000000000155e-01 0.000000000000000000e+00 0.000000000000000000e+00 0.000000000000000000e+00
3.499999999999999778e-01 0.000000000000000000e+00 0.000000000000000000e+00 0.000000000000000000e+00
3.699999999999999956e-01 0.000000000000000000e+00 0.000000000000000000e+00 0.000000000000000000e+00
3.900000000000000133e-01 0.000000000000000000e+00 0.000000000000000000e+00 0.000000000000000000e+00
4.100000000000000311e-01 0.000000000000000000e+00 0.000000000000000000e+00 0.000000000000000000e+00
4.299999999999999933e-01 0.000000000000000000e+00 0.000000000000000000e+00 0.000000000000000000e+00
4.500000000000000111e-01 0.000000000000000000e+00 0.000000000000000000e+00 0.000000000000000000e+00
4.699999999999999734e-01 0.000000000000000000e+00 0.000000000000000000e+00 0.000000000000000000e+00
4.899999999999999911e-01 0.000000000000000000e+00 0.000000000000000000e+00 0.000000000000000000e+00
5.100000000000000089e-01 0.000000000000000000e+00 0.000000000000000000e+00 0.000000000000000000e+00
5.300000000000000266e-01 0.000000000000000000e+00 0.000000000000000000e+00 0.000000000000000000e+00
5.500000000000000444e-01 0.000000000000000000e+00 0.000000000000000000e+00 0.000000000000000000e+00
5.700000000000000622e-01 0.000000000000000000e+00 0.000000000000000000e+00 0.000000000000000000e+00
5.899999999999999689e-01 0.000000000000000000e+00 0.000000000000000000e+00 0.000000000000000000e+00
6.099999999999999867e-01 0.000000000000000000e+00 0.000000000000000000e+00 0.000000000000000000e+00
6.300000000000000044e-01 0.000000000000000000e+00 0.000000000000000000e+00 0.000000000000000000e+00
6.500000000000000222e-01 0.000000000000000000e+00 0.000000000000000000e+00 0.000000000000000000e+00
6.700000000000000400e-01 0.000000000000000000e+00 0.000000000000000000e+00 0.000000000000000000e+00
6.900000000000000577e-01 0.000000000000000000e+00 0.000000000000000000e+00 0.000000000000000000e+00
7.099999999999999645e-01 0.000000000000000000e+00 0.000000000000000000e+00 0.000000000000000000e+00
7.299999999999999822e-01 0.000000000000000000e+00 0.000000000000000000e+00 0.000000000000000000e+00
7.500000000000000000e-01 0.000000000000000000e+00 0.000000000000000000e+00 0.000000000000000000e+00
7.700000000000000178e-01 0.000000000000000000e+00 0.000000000000000000e+00 0.000000000000000000e+00
7.900000000000000355e-01 0.000000000000000000e+00 0.000000000000000000e+00 0.000000000000000000e+00
8.100000000000000533e-01 0.000000000000000000e+00 0.000000000000000000e+00 0.000000000000000000e+00
8.300000000000000711e-01 0.000000000000000000e+00 0.000000000000000000e+00 0.000000000000000000e+00
8.499999999999999778e-01 0.000000000000000000e+00 0.000000000000000000e+00 0.000000000000000000e+00
8.699999999999999956e-01 0.000000000000000000e+00 0.000000000000000000e+00 0.000000000000000000e+00
8.900000000000000133e-01 0.000000000000000000e+00 0.000000000000000000e+00 0.000000000000000000e+00
9.100000000000000311e-01 0.000000000000000000e+00 0.000000000000000000e+00 0.000000000000000000e+00
9.300000000000000488e-01 0.000000000000000000e+00 0.000000000000000000e+00 0.000000000000000000e+00
9.499999999999999556e-01 0.000000000000000000e+00 0.000000000000000000e+00 0.000000000000000000e+00
9.699999999999999734e-01 0.000000000000000000e+00 0.000000000000000000e+00 0.000000000000000000e+00
9.899999999999999911e-01 0.000000000000000000e+00 0.000000000000000000e+00 0.000000000000000000e+00
1.010000000000000009e+00 0.000000000000000000e+00 0.000000000000000000e+00 0.000000000000000000e+00
1.030000000000000027e+00 0.000000000000000000e+00 0.000000000000000000e+00 0.000000000000000000e+00
1.050000000000000044e+00 0.000000000000000000e+00 0.000000000000000000e+00 0.000000000000000000e+00
1.070000000000000062e+00 0.000000000000000000e+00 0.000000000000000000e+00 0.000000000000000000e+00
1.090000000000000080e+00 0.000000000000000000e+00 0.000000000000000000e+00 0.000000000000000000e+00
1.110000000000000098e+00 0.000000000000000000e+00 0.000000000000000000e+00 0.000000000000000000e+00
1.130000000000000115e+00 0.000000000000000000e+00 0.000000000000000000e+00 0.000000000000000000e+00
1.149999999999999911e+00 0.000000000000000000e+00 0.000000000000000000e+00 0.000000000000000000e+00
1.169999999999999929e+00 0.000000000000000000e+00 0.000000000000000000e+00 0.000000000000000000e+00
1.189999999999999947e+00 0.000000000000000000e+00 0.000000000000000000e+00 0.000000000000000000e+00
1.209999999999999964e+00 0.000000000000000000e+00 0.000000000000000000e+00 0.000000000000000000e+00
1.229999999999999982e+00 0.000000000000000000e+00 0.000000000000000000e+00 0.000000000000000000e+00
1.250000000000000000e+00 0.000000000000000000e+00 0.000000000000000000e+00 0.000000000000000000e+00
1.270000000000000018e+00 0.000000000000000000e+00 0.000000000000000000e+00 0.000000000000000000e+00
1.290000000000000036e+00 0.000000000000000000e+00 0.000000000000000000e+00 0.000000000000000000e+00
1.310000000000000053e+00 0.000000000000000000e+00 0.000000000000000000e+00 0.000000000000000000e+00
1.330000000000000071e+00 5.370616779748926166e-04 0.000000000000000000e+00 0.000000000000000000e+00
1.350000000000000089e+00 0.000000000000000000e+00 0.000000000000000000e+00 0.000000000000000000e+00
1.370000000000000107e+00 2.783873342992884605e-03 0.000000000000000000e+00 0.000000000000000000e+00
1.390000000000000124e+00 7.375471618618028094e-03 0.000000000000000000e+00 0.000000000000000000e+00
1.410000000000000142e+00 1.218513383966008355e-02 0.000000000000000000e+00 0.000000000000000000e+00
1.429999999999999938e+00 3.135885874123169048e-02 0.000000000000000000e+00 0.000000000000000000e+00
1.449999999999999956e+00 6.145138121061813341e-02 0.000000000000000000e+00 0.000000000000000000e+00
1.469999999999999973e+00 1.118876231375852404e-01 0.000000000000000000e+00 0.000000000000000000e+00
1.489999999999999991e+00 2.141709951046360805e-01 0.000000000000000000e+00 0.000000000000000000e+00
1.510000000000000009e+00 3.385312432825848816e-01 0.000000000000000000e+00 0.000000000000000000e+00
1.530000000000000027e+00 4.916658031993480504e-01 0.000000000000000000e+00 0.000000000000000000e+00
1.550000000000000044e+00 6.813205458880560172e-01 1.967248819380777800e-04 0.000000000000000000e+00
1.570000000000000062e+00 9.221092928247024423e-01 1.917447745790132742e-04 0.000000000000000000e+00
1.590000000000000080e+00 1.171687417558062272e+00 5.608542240876870531e-04 0.000000000000000000e+00
1.610000000000000098e+00 1.421301119201955787e+00 2.279194516512933130e-03 0.000000000000000000e+00
1.630000000000000115e+00 1.669113309125432654e+00 4.980880119133950130e-03 0.000000000000000000e+00
1.650000000000000133e+00 1.912068098586424236e+00 1.128415040387596713e-02 0.000000000000000000e+00
1.669999999999999929e+00 2.133948385101390510e+00 2.381041179393503585e-02 0.000000000000000000e+00
1.689999999999999947e+00 2.262360735326746752e+00 4.484556792451528662e-02 0.000000000000000000e+00
1.709999999999999964e+00 2.325573942928171434e+00 7.402817138389210239e-02 0.000000000000000000e+00
1.729999999999999982e+00 2.349407389871701390e+00 1.324932132744608138e-01 0.000000000000000000e+00
1.750000000000000000e+00 2.351231346449189186e+00 1.994703926848171160e-01 0.000000000000000000e+00
1.770000000000000018e+00 2.340092242534107747e+00 2.937267589887802566e-01 0.000000000000000000e+00
1.790000000000000036e+00 2.264817087770432558e+00 4.341923579474369355e-01 0.000000000000000000e+00
1.810000000000000053e+00 2.121668060376305398e+00 5.945966402164116760e-01 0.000000000000000000e+00
1.830000000000000071e+00 2.032001756928230041e+00 7.798189710573384392e-01 0.000000000000000000e+00
1.850000000000000089e+00 1.921685331768277161e+00 1.013279235247759980e+00 2.775798543649107613e-04
1.870000000000000107e+00 1.758546612437499768e+00 1.267240257455811481e+00 1.358370626013826355e-04
1.890000000000000124e+00 1.658095720679117147e+00 1.541772041325476517e+00 3.989323251293088466e-04
1.910000000000000142e+00 1.514179291488030321e+00 1.803486298307966251e+00 1.171864616337799699e-03
1.929999999999999938e+00 1.391271474089369686e+00 2.099248528740255360e+00 2.805497014662340464e-03
1.949999999999999956e+00 1.268939198208855368e+00 2.339491407830642800e+00 3.247924705003961150e-03
1.969999999999999973e+00 1.169866967025468663e+00 2.552240794916608824e+00 8.078177424532425460e-03
1.989999999999999991e+00 1.075220841606264521e+00 2.776476243692971302e+00 1.667288007399272270e-02
2.009999999999999787e+00 9.797410803001016522e-01 2.951258371865411956e+00 2.351472651626309099e-02
2.030000000000000249e+00 9.013984330869794226e-01 3.081257929165957421e+00 4.103552969040469289e-02
2.049999999999999822e+00 8.298676741360709874e-01 3.181186168000523118e+00 6.035812285326368209e-02
2.070000000000000284e+00 7.539357549365737210e-01 3.268423185677267195e+00 9.300868966207695432e-02
2.089999999999999858e+00 7.033633896704881705e-01 3.255184634672093846e+00 1.344089594361044249e-01
2.110000000000000320e+00 6.413339052477634583e-01 3.237452700143667705e+00 1.951421914320677908e-01
2.129999999999999893e+00 6.074645814850313519e-01 3.222934903868431178e+00 2.608056312442628699e-01
2.150000000000000355e+00 5.619963646712989869e-01 3.161514454351769032e+00 3.427057736658954412e-01
2.169999999999999929e+00 5.321150672612356969e-01 3.061953262162624423e+00 4.535335246268276665e-01
2.190000000000000391e+00 4.923320965124025061e-01 2.934196787927688899e+00 5.583923476437185895e-01
2.209999999999999964e+00 4.766535431407429857e-01 2.812671432435516206e+00 6.728196717909936675e-01
2.230000000000000426e+00 4.499933559543015660e-01 2.689549203684028722e+00 8.144965710512268586e-01
2.250000000000000000e+00 4.270164190390103309e-01 2.575008700267154005e+00 9.698179976240849376e-01
2.270000000000000462e+00 4.096615095588714839e-01 2.417199486768440320e+00 1.102601556218195888e+00
2.290000000000000036e+00 4.003632247474344097e-01 2.273544093651902465e+00 1.261597057529924459e+00
2.310000000000000053e+00 3.826893770020545205e-01 2.153567333069509981e+00 1.386904045985580147e+00
2.330000000000000071e+00 3.823600967777340820e-01 2.009759478247919340e+00 1.528040441676509875e+00
2.349999999999999645e+00 3.814704597444175116e-01 1.865464949942234218e+00 1.658686887420822487e+00
2.370000000000000107e+00 3.579765956916712843e-01 1.752997350804242460e+00 1.824978723134010439e+00
2.389999999999999680e+00 3.617400174524905698e-01 1.635453437559173384e+00 1.912315733640798543e+00
2.410000000000000142e+00 3.650843720928934610e-01 1.522774358355606150e+00 2.015815323330116371e+00
2.429999999999999716e+00 3.506529562952941381e-01 1.432857955410556272e+00 2.107698579466162236e+00
2.450000000000000178e+00 3.546850687104074473e-01 1.320032852571096926e+00 2.200915022528748821e+00
2.469999999999999751e+00 3.622005130847235077e-01 1.234791145349771080e+00 2.270449089007657406e+00
2.490000000000000213e+00 3.699659972182859358e-01 1.137394341103323603e+00 2.310582834977487288e+00
2.509999999999999787e+00 3.787207249152752531e-01 1.075866563095744022e+00 2.329173926753470791e+00
2.530000000000000249e+00 3.801777415180357944e-01 1.003028063356838695e+00 2.344590194323799004e+00
2.549999999999999822e+00 3.968101830482055892e-01 9.376393785926432356e-01 2.327899503534088144e+00
2.570000000000000284e+00 4.118740015771586438e-01 8.754805500147132546e-01 2.310651265352283712e+00
2.589999999999999858e+00 4.194874748737761894e-01 8.274172696445442066e-01 2.302507551147148224e+00
2.610000000000000320e+00 4.326774689564166776e-01 7.692707300352934485e-01 2.293155720241856432e+00
2.629999999999999893e+00 4.675322695391518901e-01 7.351345758266416563e-01 2.241861183769919830e+00
2.650000000000000355e+00 4.622605158925465751e-01 6.875009092761427132e-01 2.176087658293695881e+00
2.669999999999999929e+00 4.913423677708085302e-01 6.620575210383095044e-01 2.116290336692249863e+00
2.690000000000000391e+00 5.080236384350893530e-01 6.284416190744545050e-01 2.060649959182826230e+00
2.709999999999999964e+00 5.452462108955121733e-01 5.939724975021153375e-01 1.984812630338147255e+00
2.730000000000000426e+00 5.659035964734341340e-01 5.749329424034238523e-01 1.897456467013245440e+00
2.750000000000000000e+00 5.859673605045306877e-01 5.482890122668789834e-01 1.825424314608497189e+00
2.770000000000000462e+00 6.162905011490855678e-01 5.335319110823002475e-01 1.759476879272542593e+00
2.790000000000000036e+00 6.467244548002062388e-01 5.140397611027415214e-01 1.682411135954112735e+00
2.810000000000000053e+00 6.930767623172983116e-01 5.005234221911949444e-01 1.612406601891376301e+00
2.830000000000000071e+00 7.264932617198875953e-01 4.910248386169998036e-01 1.527836265973083973e+00
2.849999999999999645e+00 7.636437409046904490e-01 4.719378846534274530e-01 1.462607593814237106e+00
2.870000000000000107e+00 7.939825191766174406e-01 4.793267220418471752e-01 1.398177380697057659e+00
2.889999999999999680e+00 8.276767296217857339e-01 4.608034598545773797e-01 1.320938618992344882e+00
2.910000000000000142e+00 8.761352863500991850e-01 4.527051438022741126e-01 1.249049517968990219e+00
2.929999999999999716e+00 9.099186893118106356e-01 4.672464284954938596e-01 1.189395691422723056e+00
2.950000000000000178e+00 9.393789181536076338e-01 4.582440193963656649e-01 1.113881788655471938e+00
2.969999999999999751e+00 9.732969728775308083e-01 4.590319791307178043e-01 1.069743519210586857e+00
2.990000000000000213e+00 1.007607949546046155e+00 4.652032230157300274e-01 1.001603957861870731e+00
3.009999999999999787e+00 1.051881746130337136e+00 4.712747942017029845e-01 9.518997648777550724e-01
3.030000000000000249e+00 1.088073099568679591e+00 4.785617639525668321e-01 8.989149801191743672e-01
3.049999999999999822e+00 1.112606770706235926e+00 4.851858352872971958e-01 8.675054581453137681e-01
3.070000000000000284e+00 1.132731682671838547e+00 5.000721841114810218e-01 8.207579734064912591e-01
3.089999999999999858e+00 1.165228601275016596e+00 5.107469287172686778e-01 7.711144786851147348e-01
3.110000000000000320e+00 1.190856093012850225e+00 5.265062924487002860e-01 7.465441879696609329e-01
3.129999999999999893e+00 1.203953439183126362e+00 5.389278341496146485e-01 6.987303375646585213e-01
3.150000000000000355e+00 1.214373207411436839e+00 5.650679549305906990e-01 6.630773562445623215e-01
3.169999999999999929e+00 1.233132680666086278e+00 5.750334938112656724e-01 6.520424808183383769e-01
3.190000000000000391e+00 1.248246881656098983e+00 6.013330509299390503e-01 6.108899046495406271e-01
3.209999999999999964e+00 1.262428847706162705e+00 6.277602046250879697e-01 5.999360607649443233e-01
3.230000000000000426e+00 1.255585296798904071e+00 6.507932345164019194e-01 5.755467867003279947e-01
3.250000000000000000e+00 1.269770795191806023e+00 6.768379770791871364e-01 5.581864745854682175e-01
3.270000000000000462e+00 1.255840786771690309e+00 7.004086608294408656e-01 5.443161358441287456e-01
3.290000000000000036e+00 1.263087595383668438e+00 7.361736567229225647e-01 5.450471799967049336e-01
3.310000000000000497e+00 1.253896329507011798e+00 7.636273520066554354e-01 5.259939237778454846e-01
3.330000000000000071e+00 1.261197700816482081e+00 7.967424352372675100e-01 5.080859292637828206e-01
3.349999999999999645e+00 1.243305403132075382e+00 8.193492232874249881e-01 5.162168140736295152e-01
3.370000000000000107e+00 1.230683193916965124e+00 8.534128565619202300e-01 5.092294686629639244e-01
3.389999999999999680e+00 1.237036954244103093e+00 8.798525571444176796e-01 5.131587071284595680e-01
3.410000000000000142e+00 1.234415449072919335e+00 9.118745755928664432e-01 5.236604554128583278e-01
3.429999999999999716e+00 1.204759690880435219e+00 9.363831076313625656e-01 5.185000821169124530e-01
3.450000000000000178e+00 1.202166024691865287e+00 9.597474678857038644e-01 5.393644000833436314e-01
3.469999999999999751e+00 1.198289542512884998e+00 9.810601623832674312e-01 5.464594812473574370e-01
3.490000000000000213e+00 1.179174092288348241e+00 9.970109800406665723e-01 5.532789670358114753e-01
3.509999999999999787e+00 1.157793471780376393e+00 1.025598202444427898e+00 5.742122007134818906e-01
3.530000000000000249e+00 1.169489323459211638e+00 1.044789508085302243e+00 6.000880383941754603e-01
3.549999999999999822e+00 1.148999216745453023e+00 1.055946261545451792e+00 6.217652237053206132e-01
3.570000000000000284e+00 1.145404515577362670e+00 1.069031728839510365e+00 6.485482225550465163e-01
3.589999999999999858e+00 1.140491535804021517e+00 1.078442018322163243e+00 6.649673050987640055e-01
3.610000000000000320e+00 1.133648550021039147e+00 1.085529630476495200e+00 6.968027564385637085e-01
3.629999999999999893e+00 1.127860034971853720e+00 1.095014405415983827e+00 7.206523463138788665e-01
3.650000000000000355e+00 1.123627473930237652e+00 1.097787678826259272e+00 7.529594781512584101e-01
3.669999999999999929e+00 1.123264071502418915e+00 1.103418358269265820e+00 7.939025906935933685e-01
3.690000000000000391e+00 1.141087914762354716e+00 1.095377329734545491e+00 8.312299900652000417e-01
3.709999999999999964e+00 1.132545452399549291e+00 1.094827844316152321e+00 8.600815968766666320e-01
3.730000000000000426e+00 1.125895477389795341e+00 1.091577379540026316e+00 8.957453299208135711e-01
3.750000000000000000e+00 1.135536304595057500e+00 1.082956231172237826e+00 9.252305357159538168e-01
3.770000000000000462e+00 1.136420739652160394e+00 1.083517835934650897e+00 9.601908022882266192e-01
3.790000000000000036e+00 1.148268489163853934e+00 1.071997326743089118e+00 9.887086740495033554e-01
3.810000000000000497e+00 1.142462238317575984e+00 1.063165450418036340e+00 1.032839791138477237e+00
3.830000000000000071e+00 1.150606314538291652e+00 1.053718038372890131e+00 1.061587493231701540e+00
3.849999999999999645e+00 1.153104051443629707e+00 1.050866052555303742e+00 1.082024489826655334e+00
3.870000000000000107e+00 1.153268686766835360e+00 1.043314482750142158e+00 1.114638213732293659e+00
3.889999999999999680e+00 1.156539476475723527e+00 1.034035065783574403e+00 1.140530054523042569e+00
3.910000000000000142e+00 1.157477147133318285e+00 1.030517023100112173e+00 1.159341389713191006e+00
3.929999999999999716e+00 1.170299675246159632e+00 1.023084559897084578e+00 1.181556105424339309e+00
3.950000000000000178e+00 1.178115345412575454e+00 1.015204144645371453e+00 1.191267419971798081e+00
3.969999999999999751e+00 1.171609630261026602e+00 1.015976764060459558e+00 1.205244356488615720e+00
3.990000000000000213e+00 1.168576274643860602e+00 1.011190622788067150e+00 1.196921671322315195e+00
4.009999999999999787e+00 1.162266013748648685e+00 1.009785249912903859e+00 1.220017444854980093e+00
4.030000000000000249e+00 1.163276624023149131e+00 1.002290200813148013e+00 1.225720885011493566e+00
4.050000000000000711e+00 1.174549262109488845e+00 1.005583930379983837e+00 1.228993579205150288e+00
4.070000000000000284e+00 1.163177545084459030e+00 9.974658230312017926e-01 1.213388917059975869e+00
4.089999999999999858e+00 1.155663030624446419e+00 1.008967470928270771e+00 1.220207285099097927e+00
4.109999999999999432e+00 1.154847629131344089e+00 1.014015018084938546e+00 1.205295584879411575e+00
4.129999999999999893e+00 1.152657044600725378e+00 1.010106104312052722e+00 1.210665854069276071e+00
4.150000000000000355e+00 1.138374503962200190e+00 1.013744643249549160e+00 1.198776698168655175e+00
4.169999999999999929e+00 1.123274236576586649e+00 1.024823224361306240e+00 1.179601850288184872e+00
4.189999999999999503e+00 1.101537285097996310e+00 1.035415758983688095e+00 1.173778996416812825e+00
4.209999999999999964e+00 1.097742741189592586e+00 1.036868001724770005e+00 1.152415475369933606e+00
4.230000000000000426e+00 1.086059378354405247e+00 1.037705046816414400e+00 1.139977408113334700e+00
4.250000000000000000e+00 1.076598064198996729e+00 1.046971565012201788e+00 1.136847372056730476e+00
4.269999999999999574e+00 1.062446234084534202e+00 1.054217753304541816e+00 1.117755651581934018e+00
4.290000000000000036e+00 1.056873377323809260e+00 1.064866130648093989e+00 1.098685794810977612e+00
4.310000000000000497e+00 1.032333027537914560e+00 1.080080699501394292e+00 1.095365920279758098e+00
4.330000000000000071e+00 1.022438472944259047e+00 1.077499683090767935e+00 1.082711570553892999e+00
4.349999999999999645e+00 1.006481372515974915e+00 1.086672287617014288e+00 1.064419193830058674e+00
4.370000000000000107e+00 9.959217674101503714e-01 1.094605117967277552e+00 1.054375179169031895e+00
4.390000000000000568e+00 9.977869129087423294e-01 1.102042052118570759e+00 1.041930887045878773e+00
4.410000000000000142e+00 9.808192294065899430e-01 1.101814188165329167e+00 1.034602229709234766e+00
4.429999999999999716e+00 9.659561412278125925e-01 1.097776429921292873e+00 1.018576885214714123e+00
4.450000000000000178e+00 9.621144021014967906e-01 1.112383279491774069e+00 1.011168827599453923e+00
4.470000000000000639e+00 9.518837930793353497e-01 1.109890678266735486e+00 1.001546261704278740e+00
4.490000000000000213e+00 9.411842693409080418e-01 1.101396533974055458e+00 1.004189069346355323e+00
4.509999999999999787e+00 9.304498498770947812e-01 1.106881399174259872e+00 9.978947363397485670e-01
4.530000000000000249e+00 9.182012532663189619e-01 1.106065618566576259e+00 9.916953158150512149e-01
4.550000000000000711e+00 9.160666374858643657e-01 1.104034218899639486e+00 1.000090082106358746e+00
4.570000000000000284e+00 9.180735977947149795e-01 1.098805022667852294e+00 9.904232104439156803e-01
4.589999999999999858e+00 9.107667953306356479e-01 1.095542935047434607e+00 9.866583916441130642e-01
4.610000000000000320e+00 8.992158021462696160e-01 1.092907558703193560e+00 9.881963919487676273e-01
4.629999999999999893e+00 8.908435482559919905e-01 1.086197884796473057e+00 9.810513458071733472e-01
4.650000000000000355e+00 8.935000642570626317e-01 1.089814640451119310e+00 9.887332167588911425e-01
4.669999999999999929e+00 8.838595367375577938e-01 1.071983038557913437e+00 9.898442707386656547e-01
4.689999999999999503e+00 8.980622477783241075e-01 1.063364786117045213e+00 9.958889678869137230e-01
4.709999999999999964e+00 8.890812097849424278e-01 1.058784762354059605e+00 9.910893713237763913e-01
4.730000000000000426e+00 8.898163199453599237e-01 1.052152596177627242e+00 1.005464840459375120e+00
4.750000000000000000e+00 8.860232231606750553e-01 1.044599326896831659e+00 1.005731623942226705e+00
4.769999999999999574e+00 8.958741312534103107e-01 1.042307860330047076e+00 1.000133905010856639e+00
4.790000000000000036e+00 8.846406048510403464e-01 1.029368211513816078e+00 1.003952184672162407e+00
4.810000000000000497e+00 8.907882459783048601e-01 1.016290643736056154e+00 1.019169994015789449e+00
4.830000000000000071e+00 8.857679795281702129e-01 1.013290815792857735e+00 1.025264932030296450e+00
4.849999999999999645e+00 8.900488898321896603e-01 1.009833618143171297e+00 1.018240162722824804e+00
4.870000000000000107e+00 8.941696583627607442e-01 1.002941356565026476e+00 1.024074113601664671e+00
4.890000000000000568e+00 8.964253922239384664e-01 9.905835804978061487e-01 1.026957928950071874e+00
4.910000000000000142e+00 8.989300307577652305e-01 9.863040475813851238e-01 1.026509803003267107e+00
4.929999999999999716e+00 9.056838041959212049e-01 9.772774532198129638e-01 1.025683341490389422e+00
4.950000000000000178e+00 9.114269136838019092e-01 9.749901395387885472e-01 1.033037094258492106e+00
4.970000000000000639e+00 9.028947288705793106e-01 9.706031317006662551e-01 1.035047240569981319e+00
4.990000000000000213e+00 9.086437869792474142e-01 9.608927600955096127e-01 1.026213681777867981e+00
5.009999999999999787e+00 9.182087928097323326e-01 9.545167317285296882e-01 1.021462099216911001e+00
5.030000000000000249e+00 9.207968630423003509e-01 9.539931904837236631e-01 1.025389774124136455e+00
5.050000000000000711e+00 9.252150755572738916e-01 9.498896506190396272e-01 1.026261756548923598e+00
5.070000000000000284e+00 9.287589157479647639e-01 9.504821615750563835e-01 1.022043203272502199e+00
5.089999999999999858e+00 9.231246762559802699e-01 9.452804293686450920e-01 1.012120429469480554e+00
5.110000000000000320e+00 9.360687407745971189e-01 9.443753798893533835e-01 1.013199771749669464e+00
5.129999999999999893e+00 9.380797993792572287e-01 9.482149400963514330e-01 1.007065810947554096e+00
5.150000000000000355e+00 9.426283646359783219e-01 9.467897056551896062e-01 1.005724574709936148e+00
5.169999999999999929e+00 9.508283911128095900e-01 9.378252979352219576e-01 1.009367701437942744e+00
5.189999999999999503e+00 9.593504074362900758e-01 9.343224029464813896e-01 1.003155234775341631e+00
5.209999999999999964e+00 9.612914198229743912e-01 9.394993972768151957e-01 9.935607961091748042e-01
5.230000000000000426e+00 9.634004991522907568e-01 9.373818608068339442e-01 9.906999725221696806e-01
5.250000000000000000e+00 9.666387471226181027e-01 9.391275266018193069e-01 9.941787053658019957e-01
5.269999999999999574e+00 9.713565947161386660e-01 9.400794613872255345e-01 9.839447385668083079e-01
5.290000000000000036e+00 9.894362747220765142e-01 9.451956660766320795e-01 9.746685691292097387e-01
5.310000000000000497e+00 9.864613276277012233e-01 9.381476341511896244e-01 9.744664430700901159e-01
5.330000000000000071e+00 9.855931556022262674e-01 9.455196267823315903e-01 9.752598521810339482e-01
5.349999999999999645e+00 9.985844384534707796e-01 9.432770233983983621e-01 9.708197051844099645e-01
5.370000000000000107e+00 1.001257626956249425e+00 9.506870666129300096e-01 9.653807660798559009e-01
5.390000000000000568e+00 1.001787218034051019e+00 9.571885977736426243e-01 9.631676422384506386e-01
5.410000000000000142e+00 1.007118076356487757e+00 9.545088403808424937e-01 9.558646698857721224e-01
5.429999999999999716e+00 1.004674823482568202e+00 9.568037484550959704e-01 9.579064226524168779e-01
5.450000000000000178e+00 1.019879799804752185e+00 9.593177898730729236e-01 9.503131002743762101e-01
5.470000000000000639e+00 1.018531690191391448e+00 9.662714748288441236e-01 9.552038707457587430e-01
5.490000000000000213e+00 1.021415600520523270e+00 9.684803942401901677e-01 9.561685616969626267e-01
5.509999999999999787e+00 1.023511162833039112e+00 9.717916340972937439e-01 9.457820793080450317e-01
5.530000000000000249e+00 1.026077865585276028e+00 9.753311016142552914e-01 9.440637093848119887e-01
5.550000000000000711e+00 1.038373540196899425e+00 9.777816898935711709e-01 9.458923847544661312e-01
5.570000000000000284e+00 1.028419081021551440e+00 9.862047131064309857e-01 9.516053467728521342e-01
5.589999999999999858e+00 1.032626271746137858e+00 9.848702329336900263e-01 9.438201083493921173e-01
5.610000000000000320e+00 1.027389688581313409e+00 9.902651048145506563e-01 9.453434075892755972e-01
5.629999999999999893e+00 1.036513038040058454e+00 9.965203667431865586e-01 9.442886292191444708e-01
5.650000000000000355e+00 1.026256492015642729e+00 9.953631479526954262e-01 9.405615155407835992e-01
5.669999999999999929e+00 1.035045890536894664e+00 1.001548188798212058e+00 9.473834787776959088e-01
5.689999999999999503e+00 1.033108270269854412e+00 1.001745992043633349e+00 9.473668127472096856e-01
5.709999999999999964e+00 1.034333849315218989e+00 1.011498483802514281e+00 9.487403375928876725e-01
5.730000000000000426e+00 1.042259067867678413e+00 1.013274027073242989e+00 9.498401546718768795e-01
5.750000000000000000e+00 1.031156433468853439e+00 1.013263559116400092e+00 9.547952279306637369e-01
5.769999999999999574e+00 1.037517663268151757e+00 1.023989720169857787e+00 9.477168412899654726e-01
5.790000000000000036e+00 1.030362397497031512e+00 1.025852064670698560e+00 9.556760722789718887e-01
5.810000000000000497e+00 1.027024024092538124e+00 1.024101148393151695e+00 9.584375518050910481e-01
5.830000000000000071e+00 1.029548898950971347e+00 1.025367596876735954e+00 9.614880972746501220e-01
5.849999999999999645e+00 1.030863245880957457e+00 1.029389488562432176e+00 9.640443084283065733e-01
5.870000000000000107e+00 1.024856954411922816e+00 1.033483739039583016e+00 9.636897769519983115e-01
5.890000000000000568e+00 1.029150130642241923e+00 1.033500156539360892e+00 9.684797977806508529e-01
5.910000000000000142e+00 1.025106782120587257e+00 1.034399307033866400e+00 9.736726065765877181e-01
5.929999999999999716e+00 1.024106793347642874e+00 1.035881103711000728e+00 9.881345930853592252e-01
5.950000000000000178e+00 1.027014969799963540e+00 1.034863161844603807e+00 9.832605335155524262e-01
5.970000000000000639e+00 1.020531834657859571e+00 1.035135174475978914e+00 9.868259759908569739e-01
5.990000000000000213e+00 1.027509999264294205e+00 1.040926191486335695e+00 1.001389668539435673e+00
6.009999999999999787e+00 1.019236113788863474e+00 1.033676092082124853e+00 9.974581825547904623e-01
6.030000000000000249e+00 1.015347209876809487e+00 1.038041798128553905e+00 1.005719165131702564e+00
6.050000000000000711e+00 1.022401531854469914e+00 1.037116998293360792e+00 1.018092967606599952e+00
6.070000000000000284e+00 1.016732392736841240e+00 1.036008653421492065e+00 1.010763292794698343e+00
6.089999999999999858e+00 1.013933240106435596e+00 1.033943071587317908e+00 1.021272043968964871e+00
6.110000000000000320e+00 1.013948164375914729e+00 1.028179135790612264e+00 1.019724849279873613e+00
6.130000000000000782e+00 1.016456883520086230e+00 1.030046459122728519e+00 1.027934987342248530e+00
6.150000000000000355e+00 1.020607040418218370e+00 1.032573819664229342e+00 1.030315146518548053e+00
6.169999999999999929e+00 1.017033276540864284e+00 1.024214448834565028e+00 1.040641105946754852e+00
6.189999999999999503e+00 1.006703042517472113e+00 1.021116007894462996e+00 1.044725285650828672e+00
6.209999999999999964e+00 1.008937552580395414e+00 1.020824387967565361e+00 1.045816104086612075e+00
6.230000000000000426e+00 1.016397470683837012e+00 1.018774100936170379e+00 1.049833127824901124e+00
6.250000000000000000e+00 1.015277804555826391e+00 1.014103512244182603e+00 1.052549204718282283e+00
6.269999999999999574e+00 1.011783475458645887e+00 1.015146289847907335e+00 1.056780091800382460e+00
6.290000000000000036e+00 1.018566246511138917e+00 1.012768593897565239e+00 1.062052543113604086e+00
6.310000000000000497e+00 1.008826919970829961e+00 1.012394845431604296e+00 1.060436825906116987e+00
6.330000000000000071e+00 1.010807951336455845e+00 1.008059956143354752e+00 1.061890710526144366e+00
6.349999999999999645e+00 1.014204811160630326e+00 1.003624711106322565e+00 1.053998799662606345e+00
6.370000000000000107e+00 1.011580549056870781e+00 1.003202980591562099e+00 1.058336239388458333e+00
6.390000000000000568e+00 1.018101373272394250e+00 1.000260838190093482e+00 1.062575544281356699e+00
6.410000000000000142e+00 1.011850569804272570e+00 1.002397158974846381e+00 1.064359884827020597e+00
6.429999999999999716e+00 1.009161870107487813e+00 9.999949746553868923e-01 1.065699383487942020e+00
6.450000000000000178e+00 1.014993337514873861e+00 9.937576319499528132e-01 1.063587877640452373e+00
6.470000000000000639e+00 1.015105210631390920e+00 9.924049448974199272e-01 1.062355823742372918e+00
6.490000000000000213e+00 1.013910784724657121e+00 9.898325322305772112e-01 1.056077654465889415e+00
6.509999999999999787e+00 1.011781555852286463e+00 9.928881577115036272e-01 1.056503040374836777e+00
6.530000000000000249e+00 1.011230067576634584e+00 9.879405064929838165e-01 1.060211941718857798e+00
6.550000000000000711e+00 1.008684565564212265e+00 9.893857215241284031e-01 1.046849452532806479e+00
6.570000000000000284e+00 1.006635472846151735e+00 9.873349868366995130e-01 1.049971617456294082e+00
6.589999999999999858e+00 1.010914750140275542e+00 9.823959462704940915e-01 1.046736415815587851e+00
6.610000000000000320e+00 1.007774530310311167e+00 9.842918812681044072e-01 1.047076171449861537e+00
6.630000000000000782e+00 1.004718584046470964e+00 9.815236059689020909e-01 1.040217379944213816e+00
6.650000000000000355e+00 1.007406295822268039e+00 9.843657987691863953e-01 1.036107391095995700e+00
6.669999999999999929e+00 1.010129169544993655e+00 9.838204547814578538e-01 1.037729494079899339e+00
6.689999999999999503e+00 1.002379200570594708e+00 9.841088509610402824e-01 1.032807716299705802e+00
6.709999999999999964e+00 1.013050324689187764e+00 9.817047349096928999e-01 1.028727906727555430e+00
6.730000000000000426e+00 1.008107907201760245e+00 9.870650809494743161e-01 1.018134031367263992e+00
6.750000000000000000e+00 1.001089811482539504e+00 9.856227950974465468e-01 1.014590861292167467e+00
6.769999999999999574e+00 1.004397302323233321e+00 9.860725859391851200e-01 1.017518143754028381e+00
6.790000000000000036e+00 1.004876990462311603e+00 9.832297432716136099e-01 1.011883063889641887e+00
6.810000000000000497e+00 1.002301909886580411e+00 9.871448538858780264e-01 1.005589791192515570e+00
6.830000000000000071e+00 1.002763982755295880e+00 9.845889428456721104e-01 1.003334215226170167e+00
6.849999999999999645e+00 1.004266529990939683e+00 9.836576451209400052e-01 1.007991922197190027e+00
6.870000000000000107e+00 1.001598102531421786e+00 9.861753758253161140e-01 1.000611782327558208e+00
6.890000000000000568e+00 9.981532037573932481e-01 9.889609566077662839e-01 9.972226320715517067e-01
6.910000000000000142e+00 1.002520874349106972e+00 9.854815113413940564e-01 1.001277335809084956e+00
6.929999999999999716e+00 1.000817751540280298e+00 9.844368718137893604e-01 9.974746038403188297e-01
6.950000000000000178e+00 9.926369123766302094e-01 9.862304470398877143e-01 9.886245893639921123e-01
6.970000000000000639e+00 1.004411560042210105e+00 9.890477024592487787e-01 9.901262392873556584e-01
6.990000000000000213e+00 1.004048289759638113e+00 9.909460171290309649e-01 9.872780185488614357e-01
7.009999999999999787e+00 1.002677157894209747e+00 9.905944181998075360e-01 9.842914728332826657e-01
7.030000000000000249e+00 9.991908068820732902e-01 9.927459795615309890e-01 9.849176136558366323e-01
7.050000000000000711e+00 9.984898304340280584e-01 9.938397173755645353e-01 9.823478521461622703e-01
7.070000000000000284e+00 1.005877446637737371e+00 9.910236795570178669e-01 9.806086328724937795e-01
7.089999999999999858e+00 1.003876986640494628e+00 9.882188538715360737e-01 9.844013856665588813e-01
7.110000000000000320e+00 9.976828496272266422e-01 9.914836727831970453e-01 9.843586117507628908e-01
7.130000000000000782e+00 9.940558150769306378e-01 9.905544841214900531e-01 9.799278998211985447e-01
7.150000000000000355e+00 9.954526061265834835e-01 9.925647584779908605e-01 9.799262437688116556e-01
7.169999999999999929e+00 9.940741162378475826e-01 9.863916054422356972e-01 9.691910786858791704e-01
7.189999999999999503e+00 9.889649818149949256e-01 9.858121103645605121e-01 9.696506234411668146e-01
7.209999999999999964e+00 9.850028164714278445e-01 9.820962193259729078e-01 9.688017515561819781e-01
7.230000000000000426e+00 9.818780547793729552e-01 9.801197096561914401e-01 9.653121396664836595e-01
7.250000000000000000e+00 9.819357208044741103e-01 9.816388970786827928e-01 9.587916939584623099e-01
7.269999999999999574e+00 9.816902926636934534e-01 9.794511815733363269e-01 9.590509034243903663e-01
7.290000000000000036e+00 9.745950459303936997e-01 9.795049359462146832e-01 9.589889402030308263e-01
7.310000000000000497e+00 9.739540971919006251e-01 9.724100149506327284e-01 9.523440573040404811e-01
7.330000000000000071e+00 9.701405739328874400e-01 9.709505568371417095e-01 9.511768024959811330e-01
7.349999999999999645e+00 9.626522804027548563e-01 9.655949245034695094e-01 9.528746081508767674e-01
7.370000000000000107e+00 9.689783468493103902e-01 9.652124394963811360e-01 9.467392701619357087e-01
7.390000000000000568e+00 9.648800692065352402e-01 9.575848228155404707e-01 9.452575127203098893e-01
7.410000000000000142e+00 9.612790167696867449e-01 9.589645790279059945e-01 9.419698672657409455e-01
7.429999999999999716e+00 9.542522814833115374e-01 9.487233256432315853e-01 9.411991916914234091e-01
7.450000000000000178e+00 9.480487421382134405e-01 9.491800134912177223e-01 9.391907930877769761e-01
7.470000000000000639e+00 9.400676526460585158e-01 9.403858337773149945e-01 9.310953320696953028e-01
7.490000000000000213e+00 9.405492075452611678e-01 9.333358409195922079e-01 9.296942090840208950e-01
7.509999999999999787e+00 9.338534360369097342e-01 9.301353088564149330e-01 9.212538261856181299e-01
7.530000000000000249e+00 9.252886073194687144e-01 9.256843822656547482e-01 9.192316610085743411e-01
7.550000000000000711e+00 9.257261558269502810e-01 9.201108332468219686e-01 9.167096402349046436e-01
7.570000000000000284e+00 9.180724695417925574e-01 9.205422009483890111e-01 9.099573239711058470e-01
7.589999999999999858e+00 9.167531424681695240e-01 9.132441484196464065e-01 9.084745682959813884e-01
7.610000000000000320e+00 9.103167441182659081e-01 9.059528702152980228e-01 9.000392522467163259e-01
7.630000000000000782e+00 9.026051683650094803e-01 9.017739127554552647e-01 8.942662983204519023e-01
7.650000000000000355e+00 8.973236632336848428e-01 8.986518892653393431e-01 8.935331379539057650e-01
7.669999999999999929e+00 8.960494699222040227e-01 8.916254613384019256e-01 8.885967232113987091e-01
7.689999999999999503e+00 8.902379927136746529e-01 8.893953595487944508e-01 8.894668692053824266e-01
7.709999999999999964e+00 8.832520685417760697e-01 8.806844070248046608e-01 8.806470295092369005e-01
7.730000000000000426e+00 8.827815231833862075e-01 8.797834827515135236e-01 8.779163553518533059e-01
7.750000000000000000e+00 8.751783767467178343e-01 8.739383212481421914e-01 8.739446283911771474e-01
7.769999999999999574e+00 8.756670555083106988e-01 8.687013540235143383e-01 8.687747032856117935e-01
7.790000000000000036e+00 8.681393433107583713e-01 8.670581318710546270e-01 8.683741723143318936e-01
7.810000000000000497e+00 8.657157295398534291e-01 8.575438172573868201e-01 8.601320242875274413e-01
7.830000000000000071e+00 8.599429463160356280e-01 8.549378468623609617e-01 8.569212801533444557e-01
7.849999999999999645e+00 8.540712198564940349e-01 8.502610571904785086e-01 8.469640448904960373e-01
7.870000000000000107e+00 8.500272758272953144e-01 8.456512286546287172e-01 8.451649372801349758e-01
7.890000000000000568e+00 8.484016450973465018e-01 8.401508921713718436e-01 8.444795825572781744e-01
7.910000000000000142e+00 8.392427756701152930e-01 8.388688729101134722e-01 8.372157292351761759e-01
7.929999999999999716e+00 8.329678119444716700e-01 8.329367285192789128e-01 8.338062712874281246e-01
7.950000000000000178e+00 8.273841271655179019e-01 8.249709203297297400e-01 8.264672081513364521e-01
7.970000000000000639e+00 8.192061743581428024e-01 8.262302197035406026e-01 8.255326104729691084e-01
7.990000000000000213e+00 8.165015567078891534e-01 8.208589971247769457e-01 8.211668547081246716e-01
