r_A g_B_B g_B_Fe g_Fe_Fe
1.000000000000000021e-02 0.000000000000000000e+00 0.000000000000000000e+00 0.000000000000000000e+00
2.999999999999999889e-02 0.000000000000000000e+00 0.000000000000000000e+00 0.000000000000000000e+00
5.000000000000000278e-02 0.000000000000000000e+00 0.000000000000000000e+00 0.000000000000000000e+00
7.000000000000000666e-02 0.000000000000000000e+00 0.000000000000000000e+00 0.000000000000000000e+00
8.999999999999999667e-02 0.000000000000000000e+00 0.000000000000000000e+00 0.000000000000000000e+00
1.100000000000000006e-01 0.000000000000000000e+00 0.000000000000000000e+00 0.000000000000000000e+00
1.300000000000000044e-01 0.000000000000000000e+00 0.000000000000000000e+00 0.000000000000000000e+00
1.500000000000000222e-01 0.000000000000000000e+00 0.000000000000000000e+00 0.000000000000000000e+00
1.699999999999999845e-01 0.000000000000000000e+00 0.000000000000000000e+00 0.000000000000000000e+00
1.900000000000000022e-01 0.000000000000000000e+00 0.000000000000000000e+00 0.000000000000000000e+00
2.100000000000000200e-01 0.000000000000000000e+00 0.000000000000000000e+00 0.000000000000000000e+00
2.299999999999999822e-01 0.000000000000000000e+00 0.000000000000000000e+00 0.000000000000000000e+00
2.500000000000000000e-01 0.000000000000000000e+00 0.000000000000000000e+00 0.000000000000000000e+00
2.700000000000000178e-01 0.000000000000000000e+00 0.000000000000000000e+00 0.000000000000000000e+00
2.900000000000000355e-01 0.000000000000000000e+00 0.000000000000000000e+00 0.000000000000000000e+00
3.099999999999999978e-01 0.000000000000000000e+00 0.000000000000000000e+00 0.000000000000000000e+00
3.300000000000000155e-01 0.000000000000000000e+00 0.000000000000000000e+00 0.000000000000000000e+00
3.499999999999999778e-01 0.000000000000000000e+00 0.000000000000000000e+00 0.000000000000000000e+00
3.699999999999999956e-01 0.000000000000000000e+00 0.000000000000000000e+00 0.000000000000000000e+00
3.900000000000000133e-01 0.000000000000000000e+00 0.000000000000000000e+00 0.000000000000000000e+00
4.100000000000000311e-01 0.000000000000000000e+00 0.000000000000000000e+00 0.000000000000000000e+00
4.299999999999999933e-01 0.000000000000000000e+00 0.000000000000000000e+00 0.000000000000000000e+00
4.500000000000000111e-01 0.000000000000000000e+00 0.000000000000000000e+00 0.000000000000000000e+00
4.699999999999999734e-01 0.000000000000000000e+00 0.000000000000000000e+00 0.000000000000000000e+00
4.899999999999999911e-01 0.000000000000000000e+00 0.000000000000000000e+00 0.000000000000000000e+00
5.100000000000000089e-01 0.000000000000000000e+00 0.000000000000000000e+00 0.000000000000000000e+00
5.300000000000000266e-01 0.000000000000000000e+00 0.000000000000000000e+00 0.000000000000000000e+00
5.500000000000000444e-01 0.000000000000000000e+00 0.000000000000000000e+00 0.000000000000000000e+00
5.700000000000000622e-01 0.000000000000000000e+00 0.000000000000000000e+00 0.000000000000000000e+00
5.899999999999999689e-01 0.000000000000000000e+00 0.000000000000000000e+00 0.000000000000000000e+00
6.099999999999999867e-01 0.000000000000000000e+00 0.000000000000000000e+00 0.000000000000000000e+00
6.300000000000000044e-01 0.000000000000000000e+00 0.000000000000000000e+00 0.000000000000000000e+00
6.500000000000000222e-01 0.000000000000000000e+00 0.000000000000000000e+00 0.000000000000000000e+00
6.700000000000000400e-01 0.000000000000000000e+00 0.000000000000000000e+00 0.000000000000000000e+00
6.900000000000000577e-01 0.000000000000000000e+00 0.000000000000000000e+00 0.000000000000000000e+00
7.099999999999999645e-01 0.000000000000000000e+00 0.000000000000000000e+00 0.000000000000000000e+00
7.299999999999999822e-01 0.000000000000000000e+00 0.000000000000000000e+00 0.000000000000000000e+00
7.500000000000000000e-01 0.000000000000000000e+00 0.000000000000000000e+00 0.000000000000000000e+00
7.700000000000000178e-01 0.000000000000000000e+00 0.000000000000000000e+00 0.000000000000000000e+00
7.900000000000000355e-01 0.000000000000000000e+00 0.000000000000000000e+00 0.000000000000000000e+00
8.100000000000000533e-01 0.000000000000000000e+00 0.000000000000000000e+00 0.000000000000000000e+00
8.300000000000000711e-01 0.000000000000000000e+00 0.000000000000000000e+00 0.000000000000000000e+00
8.499999999999999778e-01 0.000000000000000000e+00 0.000000000000000000e+00 0.000000000000000000e+00
8.699999999999999956e-01 0.000000000000000000e+00 0.000000000000000000e+00 0.000000000000000000e+00
8.900000000000000133e-01 0.000000000000000000e+00 0.000000000000000000e+00 0.000000000000000000e+00
9.100000000000000311e-01 0.000000000000000000e+00 0.000000000000000000e+00 0.000000000000000000e+00
9.300000000000000488e-01 0.000000000000000000e+00 0.000000000000000000e+00 0.000000000000000000e+00
9.499999999999999556e-01 0.000000000000000000e+00 0.000000000000000000e+00 0.000000000000000000e+00
9.699999999999999734e-01 0.000000000000000000e+00 0.000000000000000000e+00 0.000000000000000000e+00
9.899999999999999911e-01 0.000000000000000000e+00 0.000000000000000000e+00 0.000000000000000000e+00
1.010000000000000009e+00 0.000000000000000000e+00 0.000000000000000000e+00 0.000000000000000000e+00
1.030000000000000027e+00 0.000000000000000000e+00 0.000000000000000000e+00 0.000000000000000000e+00
1.050000000000000044e+00 0.000000000000000000e+00 0.000000000000000000e+00 0.000000000000000000e+00
1.070000000000000062e+00 0.000000000000000000e+00 0.000000000000000000e+00 0.000000000000000000e+00
1.090000000000000080e+00 0.000000000000000000e+00 0.000000000000000000e+00 0.000000000000000000e+00
1.110000000000000098e+00 0.000000000000000000e+00 0.000000000000000000e+00 0.000000000000000000e+00
1.130000000000000115e+00 0.000000000000000000e+00 0.000000000000000000e+00 0.000000000000000000e+00
1.149999999999999911e+00 0.000000000000000000e+00 0.000000000000000000e+00 0.000000000000000000e+00
1.169999999999999929e+00 0.000000000000000000e+00 0.000000000000000000e+00 0.000000000000000000e+00
1.189999999999999947e+00 0.000000000000000000e+00 0.000000000000000000e+00 0.000000000000000000e+00
1.209999999999999964e+00 0.000000000000000000e+00 0.000000000000000000e+00 0.000000000000000000e+00
1.229999999999999982e+00 0.000000000000000000e+00 0.000000000000000000e+00 0.000000000000000000e+00
1.250000000000000000e+00 0.000000000000000000e+00 0.000000000000000000e+00 0.000000000000000000e+00
1.270000000000000018e+00 0.000000000000000000e+00 0.000000000000000000e+00 0.000000000000000000e+00
1.290000000000000036e+00 0.000000000000000000e+00 0.000000000000000000e+00 0.000000000000000000e+00
1.310000000000000053e+00 0.000000000000000000e+00 0.000000000000000000e+00 0.000000000000000000e+00
1.330000000000000071e+00 0.000000000000000000e+00 0.000000000000000000e+00 0.000000000000000000e+00
1.350000000000000089e+00 0.000000000000000000e+00 0.000000000000000000e+00 0.000000000000000000e+00
1.370000000000000107e+00 2.370977587175713511e-04 0.000000000000000000e+00 0.000000000000000000e+00
1.390000000000000124e+00 1.381944027106727204e-03 0.000000000000000000e+00 0.000000000000000000e+00
1.410000000000000142e+00 2.760649420568493228e-03 0.000000000000000000e+00 0.000000000000000000e+00
1.429999999999999938e+00 1.059079941366673078e-02 0.000000000000000000e+00 0.000000000000000000e+00
1.449999999999999956e+00 2.412894077235520213e-02 0.000000000000000000e+00 0.000000000000000000e+00
1.469999999999999973e+00 5.258264668542241005e-02 0.000000000000000000e+00 0.000000000000000000e+00
1.489999999999999991e+00 1.170604220340446394e-01 0.000000000000000000e+00 0.000000000000000000e+00
1.510000000000000009e+00 2.141029640936543132e-01 0.000000000000000000e+00 0.000000000000000000e+00
1.530000000000000027e+00 3.656299882748795804e-01 0.000000000000000000e+00 0.000000000000000000e+00
1.550000000000000044e+00 5.790230433006638977e-01 0.000000000000000000e+00 0.000000000000000000e+00
1.570000000000000062e+00 8.585232935269828669e-01 0.000000000000000000e+00 0.000000000000000000e+00
1.590000000000000080e+00 1.179314169068831797e+00 0.000000000000000000e+00 0.000000000000000000e+00
1.610000000000000098e+00 1.565375552329748121e+00 8.562790236396039382e-05 0.000000000000000000e+00
1.630000000000000115e+00 1.895904632334843853e+00 8.353952174726485930e-05 0.000000000000000000e+00
1.650000000000000133e+00 2.254778091653253380e+00 1.304425916926582087e-03 0.000000000000000000e+00
1.669999999999999929e+00 2.593785406430540785e+00 2.307982475779287151e-03 0.000000000000000000e+00
1.689999999999999947e+00 2.844120112817277501e+00 6.372473184647562891e-03 0.000000000000000000e+00
1.709999999999999964e+00 3.028938069770215069e+00 1.373896589413394279e-02 0.000000000000000000e+00
1.729999999999999982e+00 3.095807043049920715e+00 2.699460534361920738e-02 0.000000000000000000e+00
1.750000000000000000e+00 3.117916445301017081e+00 5.747315057413015377e-02 0.000000000000000000e+00
1.770000000000000018e+00 3.052446668877663249e+00 9.762717132842359258e-02 0.000000000000000000e+00
1.790000000000000036e+00 2.952163773266187174e+00 1.557942832229234076e-01 0.000000000000000000e+00
1.810000000000000053e+00 2.821539093362805950e+00 2.446462493197808785e-01 0.000000000000000000e+00
1.830000000000000071e+00 2.617088616357113207e+00 3.591577902687090318e-01 0.000000000000000000e+00
1.850000000000000089e+00 2.383324494449274411e+00 5.168723221538121804e-01 0.000000000000000000e+00
1.870000000000000107e+00 2.197001585404467328e+00 7.003550569310406093e-01 0.000000000000000000e+00
1.890000000000000124e+00 1.981031039718998965e+00 9.116629373861663277e-01 0.000000000000000000e+00
1.910000000000000142e+00 1.799153295913648032e+00 1.152100020324796414e+00 0.000000000000000000e+00
1.929999999999999938e+00 1.594721445996544196e+00 1.412160822192026544e+00 0.000000000000000000e+00
1.949999999999999956e+00 1.430516664106557867e+00 1.688974524444549319e+00 3.528416406304620413e-04
1.969999999999999973e+00 1.271776566899415872e+00 1.958945686320382906e+00 0.000000000000000000e+00
1.989999999999999991e+00 1.128798512723433012e+00 2.215703380861806959e+00 3.387997289364038387e-04
2.009999999999999787e+00 1.013774770930993885e+00 2.457894380336806517e+00 1.660455224108126722e-03
2.030000000000000249e+00 8.883199430393677876e-01 2.652293351381404651e+00 5.209274662252619779e-03
2.049999999999999822e+00 7.936994522977810496e-01 2.805982398706902359e+00 5.427384838839524259e-03
2.070000000000000284e+00 7.076411994508959857e-01 2.932597184262581980e+00 1.189850479096753177e-02
2.089999999999999858e+00 6.370770917046260085e-01 3.038122696529245825e+00 1.996504681463039804e-02
2.110000000000000320e+00 5.746793904346639836e-01 3.098856830734573631e+00 3.465632763772018982e-02
2.129999999999999893e+00 5.287899956146000502e-01 3.104290846669519155e+00 5.825815022131260873e-02
2.150000000000000355e+00 4.776975393480215604e-01 3.055688732552056308e+00 8.127010902417805549e-02
2.169999999999999929e+00 4.364230523611813406e-01 3.006598722774473043e+00 1.179588858097802145e-01
2.190000000000000391e+00 4.088484876781069421e-01 2.922918050011534152e+00 1.611328534515216737e-01
2.209999999999999964e+00 3.798271056321856909e-01 2.820946583573205491e+00 2.384432740098181569e-01
2.230000000000000426e+00 3.583984964907727666e-01 2.694072234480342054e+00 2.867962642125614359e-01
2.250000000000000000e+00 3.333610868997416987e-01 2.559756133658889876e+00 3.861397566830073735e-01
2.270000000000000462e+00 3.183296582124452989e-01 2.415649205580582493e+00 4.603419992361583168e-01
2.290000000000000036e+00 3.074757432619669162e-01 2.269645991242834171e+00 6.007271078533725772e-01
2.310000000000000053e+00 3.012016066105180356e-01 2.124446709338500217e+00 7.108074947607434524e-01
2.330000000000000071e+00 2.925555458027025990e-01 1.996305803729496731e+00 8.412554783032373251e-01
2.349999999999999645e+00 2.901757203996139234e-01 1.872321377691957611e+00 9.620767127790329498e-01
2.370000000000000107e+00 2.841897455584090904e-01 1.727522547146270293e+00 1.110247266646172237e+00
2.389999999999999680e+00 2.886204485670215147e-01 1.631702074125879198e+00 1.247237176488273480e+00
2.410000000000000142e+00 2.894432008670781431e-01 1.499143831038529662e+00 1.349746379725568879e+00
2.429999999999999716e+00 2.953497179931413585e-01 1.392098585735808580e+00 1.523706825111963870e+00
2.450000000000000178e+00 2.954405077995316820e-01 1.291070946062405245e+00 1.591022296194485097e+00
2.469999999999999751e+00 3.035133039083264261e-01 1.209818594443901052e+00 1.723040890344927023e+00
2.490000000000000213e+00 3.150937486540345001e-01 1.111882978355985818e+00 1.835914675290954312e+00
2.509999999999999787e+00 3.285048364787142017e-01 1.039098163393455954e+00 1.884931024118833953e+00
2.530000000000000249e+00 3.454170076086789387e-01 9.732520624774966267e-01 1.970532541768202028e+00
2.549999999999999822e+00 3.610074568566061792e-01 9.090626970372881477e-01 2.031768455510317484e+00
2.570000000000000284e+00 3.839107758173590512e-01 8.510136154914045292e-01 2.053286999461183093e+00
2.589999999999999858e+00 4.071056627887386092e-01 7.936826578668292331e-01 2.101502488545564429e+00
2.610000000000000320e+00 4.332708800568284002e-01 7.490153029326090950e-01 2.119642947725548954e+00
2.629999999999999893e+00 4.625850535819266973e-01 7.235475517125599110e-01 2.118175356720894520e+00
2.650000000000000355e+00 4.905880378488102767e-01 6.778367863686247663e-01 2.061868624137908945e+00
2.669999999999999929e+00 5.298550932103587296e-01 6.421582196180098956e-01 2.080969039094065831e+00
2.690000000000000391e+00 5.696059430334041718e-01 6.161424924083318544e-01 2.059411216869032391e+00
2.709999999999999964e+00 6.123715938439068251e-01 5.890388346567335676e-01 1.952945010226903921e+00
2.730000000000000426e+00 6.588033492994024298e-01 5.658469854785954656e-01 1.925695528267195922e+00
2.750000000000000000e+00 7.054721588047473402e-01 5.446444819057139064e-01 1.878094540989738714e+00
2.770000000000000462e+00 7.517539514775439802e-01 5.322953135599146623e-01 1.813651944498951618e+00
2.790000000000000036e+00 8.087227927641531533e-01 5.149108277749858686e-01 1.733448910846036473e+00
2.810000000000000053e+00 8.648259556335760045e-01 5.103339046143750002e-01 1.675047793941760066e+00
2.830000000000000071e+00 9.227130243237359197e-01 4.971877299423668739e-01 1.617783551108705531e+00
2.849999999999999645e+00 9.856528994342086403e-01 4.931854120361885419e-01 1.542134323182783096e+00
2.870000000000000107e+00 1.030438705894952012e+00 4.845033435816272216e-01 1.484066487777254251e+00
2.889999999999999680e+00 1.092774169188558187e+00 4.828964933185145303e-01 1.393878891305829759e+00
2.910000000000000142e+00 1.143214521917642834e+00 4.897540733352053755e-01 1.347850139392160695e+00
2.929999999999999716e+00 1.192819859822492390e+00 4.903301089591382556e-01 1.297474002506108004e+00
2.950000000000000178e+00 1.243536263536215491e+00 4.977319302114945887e-01 1.214417488102727871e+00
2.969999999999999751e+00 1.283786064011019246e+00 5.092437339211436376e-01 1.162524682130054776e+00
2.990000000000000213e+00 1.322635573615526861e+00 5.202798854128780626e-01 1.107704887613951028e+00
3.009999999999999787e+00 1.357395528354910619e+00 5.274999516936791366e-01 1.058825313186737560e+00
3.030000000000000249e+00 1.398267027124065809e+00 5.460166714500634955e-01 9.973984397066518737e-01
3.049999999999999822e+00 1.422692877975032522e+00 5.596852672893868341e-01 9.663321535243273308e-01
3.070000000000000284e+00 1.428328735313443731e+00 5.844920846183806473e-01 9.446718040275274841e-01
3.089999999999999858e+00 1.451659458002588110e+00 6.051248935198058065e-01 8.773992967229976569e-01
3.110000000000000320e+00 1.466375409726293544e+00 6.298847187727705244e-01 8.450657151646913112e-01
3.129999999999999893e+00 1.463245899258122984e+00 6.611009433543711955e-01 8.044455470480429415e-01
3.150000000000000355e+00 1.460540830645858490e+00 6.981644951975979341e-01 7.756029258263005266e-01
3.169999999999999929e+00 1.450701728713689187e+00 7.189140716596079672e-01 7.427487977160573962e-01
3.190000000000000391e+00 1.444973338775662031e+00 7.564521557777880156e-01 7.024805271343211865e-01
3.209999999999999964e+00 1.431313616803753241e+00 7.992055541960125797e-01 6.781290798711407941e-01
3.230000000000000426e+00 1.400903679914093702e+00 8.376753712103908178e-01 6.688570115950560613e-01
3.250000000000000000e+00 1.384824360795257947e+00 8.732914099898785310e-01 6.386751800284830027e-01
3.270000000000000462e+00 1.354327438856363086e+00 9.103632209510481577e-01 6.150767491587563196e-01
3.290000000000000036e+00 1.328962538932698445e+00 9.582011813817523649e-01 6.215041871397003481e-01
3.310000000000000497e+00 1.303920392208915757e+00 9.937383557413501656e-01 5.982188887752327711e-01
3.330000000000000071e+00 1.286860029131990268e+00 1.025212669708736035e+00 6.047269754133687281e-01
3.349999999999999645e+00 1.245805098323767179e+00 1.066329312075471103e+00 6.102005914720506352e-01
3.370000000000000107e+00 1.215544921300623749e+00 1.101885928959449368e+00 5.997896255254822062e-01
3.389999999999999680e+00 1.193964523366996433e+00 1.132282621421160318e+00 5.935506000467414278e-01
3.410000000000000142e+00 1.162944215277644133e+00 1.160728106085239686e+00 6.001084104789287110e-01
3.429999999999999716e+00 1.142108795210788896e+00 1.190925412777747106e+00 5.989466075964015035e-01
3.450000000000000178e+00 1.121926205085540085e+00 1.205148354009869305e+00 6.085927629368265146e-01
3.469999999999999751e+00 1.099766341822680848e+00 1.224808692136248212e+00 6.150802588420997141e-01
3.490000000000000213e+00 1.069538522206340936e+00 1.236578396725231510e+00 6.451727919531637934e-01
3.509999999999999787e+00 1.055675075143457375e+00 1.251153870482692776e+00 6.616909881037600361e-01
3.530000000000000249e+00 1.029151978705862724e+00 1.249788169813047523e+00 6.925455225233924095e-01
3.549999999999999822e+00 1.010302618007045128e+00 1.264665065564442470e+00 7.244745558871612534e-01
3.570000000000000284e+00 1.000585710223502733e+00 1.257988696469440448e+00 7.533306307431600901e-01
3.589999999999999858e+00 9.869705954899705702e-01 1.243339532381001922e+00 7.760871451240874963e-01
3.610000000000000320e+00 9.711818411340387147e-01 1.240314032379865816e+00 8.242385706879985507e-01
3.629999999999999893e+00 9.639994360487906810e-01 1.238509189369713548e+00 8.807539941520233784e-01
3.650000000000000355e+00 9.469392489969999938e-01 1.221958170085940987e+00 9.057720813635672386e-01
3.669999999999999929e+00 9.391575906222796588e-01 1.210884377198865991e+00 9.393584620845171207e-01
3.690000000000000391e+00 9.318262711534439635e-01 1.199668498322878696e+00 9.817235234053989235e-01
3.709999999999999964e+00 9.248890117055634796e-01 1.173400596796495998e+00 1.025949764457380287e+00
3.730000000000000426e+00 9.283993071674643272e-01 1.158489871146460182e+00 1.064448239901558013e+00
3.750000000000000000e+00 9.240502362252884794e-01 1.132828393199812655e+00 1.065718416481579611e+00
3.770000000000000462e+00 9.173509026596233795e-01 1.116624397956116121e+00 1.144686886348324162e+00
3.790000000000000036e+00 9.230199856872965958e-01 1.094672046077936445e+00 1.184758049791544865e+00
3.810000000000000497e+00 9.208964909374178776e-01 1.075243266232944750e+00 1.197122930650612593e+00
3.830000000000000071e+00 9.244096451404747450e-01 1.052724760580236341e+00 1.232672070917809615e+00
3.849999999999999645e+00 9.293714888455917311e-01 1.028743119261907424e+00 1.262260364820755543e+00
3.870000000000000107e+00 9.253270350226822094e-01 1.013143256780870471e+00 1.297891544985100509e+00
3.889999999999999680e+00 9.304233105455858022e-01 9.899909289815853608e-01 1.316854050155779499e+00
3.910000000000000142e+00 9.310590827669702474e-01 9.655884638363466665e-01 1.312456198300997690e+00
3.929999999999999716e+00 9.354851063949358725e-01 9.483845614636295940e-01 1.323107839465396340e+00
3.950000000000000178e+00 9.385665426281366575e-01 9.375815801705166264e-01 1.324103881893185397e+00
3.969999999999999751e+00 9.433832718076560209e-01 9.230889016050313201e-01 1.331056811809413931e+00
3.990000000000000213e+00 9.466774850737578184e-01 9.057020036922572848e-01 1.314796679904987498e+00
4.009999999999999787e+00 9.481710371049647534e-01 8.893881713126937649e-01 1.341180347606362622e+00
4.030000000000000249e+00 9.518261250752899638e-01 8.787374241361729510e-01 1.339549701554990424e+00
4.050000000000000711e+00 9.547570220306075273e-01 8.700664509523016177e-01 1.321362605464242668e+00
4.070000000000000284e+00 9.585605770940028858e-01 8.680351294210829627e-01 1.305168337384578603e+00
4.089999999999999858e+00 9.640355183395545868e-01 8.575231968357492907e-01 1.300215044789341690e+00
4.109999999999999432e+00 9.682786250422983354e-01 8.424965060878560896e-01 1.274803944429322433e+00
4.129999999999999893e+00 9.675765576707413551e-01 8.458728596535908251e-01 1.267442651206527326e+00
4.150000000000000355e+00 9.743880640454886111e-01 8.423017775360229775e-01 1.241233203834091636e+00
4.169999999999999929e+00 9.754200563462902540e-01 8.458188272370616989e-01 1.233753460658910672e+00
4.189999999999999503e+00 9.788636666787573493e-01 8.375485431638250988e-01 1.204196961625550344e+00
4.209999999999999964e+00 9.856461277595605086e-01 8.429467261965002400e-01 1.188922229622868976e+00
4.230000000000000426e+00 9.961947754307202141e-01 8.433553186854183537e-01 1.158660010698530529e+00
4.250000000000000000e+00 9.977635530003940989e-01 8.451197767527455218e-01 1.129210555687497175e+00
4.269999999999999574e+00 1.000943401900234120e+00 8.470333742539202238e-01 1.113285471299109597e+00
4.290000000000000036e+00 1.014224788713938175e+00 8.569308989328067172e-01 1.094691513421553797e+00
4.310000000000000497e+00 1.013402280149883428e+00 8.559743977412392901e-01 1.081883167156187708e+00
4.330000000000000071e+00 1.021254700517704395e+00 8.646118120093113646e-01 1.060104402438998061e+00
4.349999999999999645e+00 1.030738907763215861e+00 8.660518191161469259e-01 1.028469262863142220e+00
4.370000000000000107e+00 1.035237750320020744e+00 8.792612675804176714e-01 1.012753790478452043e+00
4.390000000000000568e+00 1.039111700263174010e+00 8.857680579386221220e-01 1.000623035245275183e+00
4.410000000000000142e+00 1.048440959018821284e+00 9.071516552261843502e-01 9.977076368190807010e-01
4.429999999999999716e+00 1.047234587255745364e+00 9.047699179443041695e-01 9.619195909992011018e-01
4.450000000000000178e+00 1.058667127884345360e+00 9.150263614903721976e-01 9.509889465653047491e-01
4.470000000000000639e+00 1.062630014266578105e+00 9.222751873278350887e-01 9.263152130656931993e-01
4.490000000000000213e+00 1.063654955393923407e+00 9.366473201209063459e-01 9.219413558629979688e-01
4.509999999999999787e+00 1.070607446180687816e+00 9.384633092392876685e-01 9.257878654625525394e-01
4.530000000000000249e+00 1.075668310498411273e+00 9.519788318671849048e-01 9.141659707127038903e-01
4.550000000000000711e+00 1.074515717162692896e+00 9.617794261352033969e-01 8.826216779430360315e-01
4.570000000000000284e+00 1.074890435890607066e+00 9.710535352152149802e-01 8.708017461046725360e-01
4.589999999999999858e+00 1.074006799208970575e+00 9.824686705955968380e-01 8.872382778225361699e-01
4.610000000000000320e+00 1.072176647279070583e+00 9.899314970965699123e-01 8.623215422608994096e-01
4.629999999999999893e+00 1.065556399839590274e+00 9.951788898417153195e-01 8.490045218662444215e-01
4.650000000000000355e+00 1.063922170553905922e+00 1.007885532470935264e+00 8.545614574743273240e-01
4.669999999999999929e+00 1.054951305749089130e+00 1.018598122591758637e+00 8.707583122716204826e-01
4.689999999999999503e+00 1.050579109175652226e+00 1.028395448710376359e+00 8.579799363367047738e-01
4.709999999999999964e+00 1.046182793328179539e+00 1.040891524362177245e+00 8.554868683719245581e-01
4.730000000000000426e+00 1.042578962730698722e+00 1.042088076169741084e+00 8.395720453164162711e-01
4.750000000000000000e+00 1.035540383402872688e+00 1.051855099291117090e+00 8.607629674788674912e-01
4.769999999999999574e+00 1.031836202132429214e+00 1.060670869625486290e+00 8.617565067533077272e-01
4.790000000000000036e+00 1.013578576721799074e+00 1.073337046599104783e+00 8.596626978173754763e-01
4.810000000000000497e+00 1.010168207880989710e+00 1.075836533693864450e+00 8.756670968471349514e-01
4.830000000000000071e+00 9.983606903356350148e-01 1.085250925414661838e+00 8.673374932860745679e-01
4.849999999999999645e+00 9.914743945273937209e-01 1.089170719927713860e+00 8.795350350684333351e-01
4.870000000000000107e+00 9.817964709459079398e-01 1.092362618233380100e+00 8.800194364286907378e-01
4.890000000000000568e+00 9.713314684563166823e-01 1.094574866936566027e+00 9.107093946687561115e-01
4.910000000000000142e+00 9.700798178110923153e-01 1.099964898555178650e+00 9.024148447678042029e-01
4.929999999999999716e+00 9.660883159236273166e-01 1.102491936995354305e+00 9.096261289303534392e-01
4.950000000000000178e+00 9.622082222443917310e-01 1.102215661283976855e+00 9.261646487218169188e-01
4.970000000000000639e+00 9.518433148549466649e-01 1.108117340798738581e+00 9.357812996333789712e-01
4.990000000000000213e+00 9.478208932489498029e-01 1.107622663542252361e+00 9.383173139931245688e-01
5.009999999999999787e+00 9.441277304024612294e-01 1.102458008445163173e+00 9.459146325744853812e-01
5.030000000000000249e+00 9.427439190363612331e-01 1.106604340609883108e+00 9.518768685585677902e-01
5.050000000000000711e+00 9.388919331783220912e-01 1.096107141037402588e+00 9.756026185741167867e-01
5.070000000000000284e+00 9.349327677094325661e-01 1.094341148203575420e+00 9.685992947231615302e-01
5.089999999999999858e+00 9.354268570221730972e-01 1.089844656486258057e+00 9.874136024921473798e-01
5.110000000000000320e+00 9.337485861279343213e-01 1.086676928456589364e+00 9.991218468912633766e-01
5.129999999999999893e+00 9.335166149959915893e-01 1.077385368269539123e+00 1.015614090869900732e+00
5.150000000000000355e+00 9.370185302244105063e-01 1.075695065351262247e+00 1.029038227715809661e+00
5.169999999999999929e+00 9.387845963568324237e-01 1.069638984222494926e+00 1.025910865783046022e+00
5.189999999999999503e+00 9.373401178018961888e-01 1.057266215636224693e+00 1.029923902069430630e+00
5.209999999999999964e+00 9.411964879127709960e-01 1.050530165984932651e+00 1.035476338674730101e+00
5.230000000000000426e+00 9.455468441494864207e-01 1.045351011415329712e+00 1.045279433109780332e+00
5.250000000000000000e+00 9.439159149854425834e-01 1.040743575285870248e+00 1.046822810483131638e+00
5.269999999999999574e+00 9.486544304083666113e-01 1.029071024104416310e+00 1.056621900772390488e+00
5.290000000000000036e+00 9.573124597880903197e-01 1.022771833263189212e+00 1.058811719517323668e+00
5.310000000000000497e+00 9.555597554716253050e-01 1.016853047691258505e+00 1.066886661936924385e+00
5.330000000000000071e+00 9.603071905219753290e-01 1.007837680032127370e+00 1.081800533634063699e+00
5.349999999999999645e+00 9.651229036864196198e-01 1.004659166061779629e+00 1.064164855600829185e+00
5.370000000000000107e+00 9.687704026917449696e-01 9.945572291009884269e-01 1.073328245222188837e+00
5.390000000000000568e+00 9.722249576011972039e-01 9.884049358357678283e-01 1.076877075640776393e+00
5.410000000000000142e+00 9.727587418738480318e-01 9.881177495809682076e-01 1.079243993727006412e+00
5.429999999999999716e+00 9.823090784726630220e-01 9.788196840637334306e-01 1.078088556996908531e+00
5.450000000000000178e+00 9.810507511687934779e-01 9.815651855732555608e-01 1.081573591017670699e+00
5.470000000000000639e+00 9.850942219555336443e-01 9.744746899404087559e-01 1.061571790519620695e+00
5.490000000000000213e+00 9.881964737470015914e-01 9.718429931105481145e-01 1.075708233774577360e+00
5.509999999999999787e+00 9.978336481098509791e-01 9.709856781911362367e-01 1.055362592962736601e+00
5.530000000000000249e+00 9.943010834099544892e-01 9.709935477095819056e-01 1.049146631165365662e+00
5.550000000000000711e+00 1.001474879530248829e+00 9.650312458849363839e-01 1.057497461280745732e+00
5.570000000000000284e+00 9.993927235470291270e-01 9.633146007871128402e-01 1.047235639211398173e+00
5.589999999999999858e+00 1.006092113310427250e+00 9.621305060881651938e-01 1.035848175775839541e+00
5.610000000000000320e+00 1.005360342774529681e+00 9.671238703828839434e-01 1.036063960398218464e+00
5.629999999999999893e+00 1.009162434719497181e+00 9.656007976840611517e-01 1.024356156974997489e+00
5.650000000000000355e+00 1.013591911707833360e+00 9.640332973603689126e-01 1.024219927682391340e+00
5.669999999999999929e+00 1.015008540466087794e+00 9.721226599044353600e-01 1.014628323565336165e+00
5.689999999999999503e+00 1.013576218957282116e+00 9.672066410155000238e-01 1.009041462850437831e+00
5.709999999999999964e+00 1.017425771578563065e+00 9.740787955469895065e-01 1.006964526507738711e+00
5.730000000000000426e+00 1.018242209463348535e+00 9.753693200464135238e-01 9.996204668704934404e-01
5.750000000000000000e+00 1.020444947076922126e+00 9.740135881409232033e-01 9.946671275529583856e-01
5.769999999999999574e+00 1.027462664372468693e+00 9.769333000314419646e-01 9.906046180154692848e-01
5.790000000000000036e+00 1.021314809031966586e+00 9.819677632535563916e-01 9.780497891170533142e-01
5.810000000000000497e+00 1.020676200362796271e+00 9.847268501790940043e-01 9.782834819492756129e-01
5.830000000000000071e+00 1.025180938122195240e+00 9.894363704349071753e-01 9.780962092845977285e-01
5.849999999999999645e+00 1.024689285888563006e+00 9.848358352691370943e-01 9.740073361864169943e-01
5.870000000000000107e+00 1.024283842003294698e+00 9.889904503272209935e-01 9.703018290574338955e-01
5.890000000000000568e+00 1.026224819937050503e+00 9.977493294972167304e-01 9.576130059819628615e-01
5.910000000000000142e+00 1.028489841931319093e+00 9.973752475566246556e-01 9.657011747297883364e-01
5.929999999999999716e+00 1.026005960140669471e+00 1.003409059653672664e+00 9.558787403291966189e-01
5.950000000000000178e+00 1.025053171261493867e+00 9.992954795804929180e-01 9.500319438512871972e-01
5.970000000000000639e+00 1.027552913911104593e+00 1.005122584784105433e+00 9.559870544894362165e-01
5.990000000000000213e+00 1.026213595887516483e+00 1.009346486750121841e+00 9.585883268892021469e-01
6.009999999999999787e+00 1.024277935363180791e+00 1.008225713468222429e+00 9.506217461433837945e-01
6.030000000000000249e+00 1.024560569478573102e+00 1.010033757672409882e+00 9.509312313072139089e-01
6.050000000000000711e+00 1.020800864904417571e+00 1.008970058202248499e+00 9.516190665797920056e-01
6.070000000000000284e+00 1.020144272811917441e+00 1.012006885938938394e+00 9.647309843306339783e-01
6.089999999999999858e+00 1.019822240819767911e+00 1.020362309686088542e+00 9.607925036450410960e-01
6.110000000000000320e+00 1.018302430619303367e+00 1.015589919634935612e+00 9.632101559253981593e-01
6.130000000000000782e+00 1.014771379749555447e+00 1.020976313248214584e+00 9.565067310041555082e-01
6.150000000000000355e+00 1.019332143239731980e+00 1.015972175781035158e+00 9.681032937500767543e-01
6.169999999999999929e+00 1.014815324542051256e+00 1.021372067519746851e+00 9.654673815637915268e-01
6.189999999999999503e+00 1.016003303627738497e+00 1.021942534130610314e+00 9.742606063705753217e-01
6.209999999999999964e+00 1.009954208307886514e+00 1.021137669923412705e+00 9.786413907311763971e-01
6.230000000000000426e+00 1.008054971565234714e+00 1.017142471629197908e+00 9.774495911077130117e-01
6.250000000000000000e+00 1.009106160939779118e+00 1.016893539311993333e+00 9.873471537083663430e-01
6.269999999999999574e+00 1.004942725868843478e+00 1.017344115639174262e+00 9.799662271306980310e-01
6.290000000000000036e+00 9.999044179029640267e-01 1.020051721166110648e+00 9.945661029376346995e-01
6.310000000000000497e+00 1.005598433960977145e+00 1.017369722126311604e+00 9.928879178738467814e-01
6.330000000000000071e+00 1.004733082282458723e+00 1.015798005885584221e+00 1.005040190190388039e+00
6.349999999999999645e+00 1.000904580830993984e+00 1.015673581644820578e+00 1.009832720647996007e+00
6.370000000000000107e+00 9.977732777785840446e-01 1.016876329357771391e+00 9.988723473131865260e-01
6.390000000000000568e+00 9.951991743650594469e-01 1.017348349499477278e+00 1.013067546431509758e+00
6.410000000000000142e+00 9.973021774483835644e-01 1.016849335266248655e+00 1.003457565107475746e+00
6.429999999999999716e+00 9.942901856807225824e-01 1.017818531949487015e+00 1.018772516675948481e+00
6.450000000000000178e+00 9.954966186409985873e-01 1.014904139069407796e+00 1.026396455927816032e+00
6.470000000000000639e+00 9.950320070049983867e-01 1.009657358943614858e+00 1.020669667841025641e+00
6.490000000000000213e+00 9.969314242545472826e-01 1.007006395255381825e+00 1.034138084940654290e+00
6.509999999999999787e+00 9.899997534488987894e-01 1.010077594305541115e+00 1.033618866288514404e+00
6.530000000000000249e+00 9.930661180465951698e-01 1.004180855323085542e+00 1.027863426073108100e+00
6.550000000000000711e+00 9.941853319488104246e-01 1.004105714983693831e+00 1.044706752874799527e+00
6.570000000000000284e+00 9.918016074897417766e-01 9.983359850367364841e-01 1.034253026335866910e+00
6.589999999999999858e+00 9.935102630342671493e-01 1.006534806079079969e+00 1.038550777293616445e+00
6.610000000000000320e+00 9.917272999160019475e-01 1.001265853962500341e+00 1.041549340169085403e+00
6.630000000000000782e+00 9.940513008720582855e-01 9.977639315687164556e-01 1.033748821700836151e+00
6.650000000000000355e+00 9.943101124468616270e-01 9.949334295915819304e-01 1.035398084222264536e+00
6.669999999999999929e+00 9.926173969820535348e-01 9.900733602968804226e-01 1.049253107271898244e+00
6.689999999999999503e+00 9.961538995008977215e-01 9.899549506045880465e-01 1.039031853705515429e+00
6.709999999999999964e+00 9.969290483990638219e-01 9.892139960984366320e-01 1.041250589036592400e+00
6.730000000000000426e+00 9.984142994247549030e-01 9.857004574443705147e-01 1.039662573477430518e+00
6.750000000000000000e+00 9.990505389569916961e-01 9.840671804595794159e-01 1.041520398650175094e+00
6.769999999999999574e+00 9.979885668952837019e-01 9.842374852114539330e-01 1.039796057593080914e+00
6.790000000000000036e+00 1.002520159505526198e+00 9.827614788136802559e-01 1.043224867691364022e+00
6.810000000000000497e+00 1.001278268887929812e+00 9.816304041731613861e-01 1.049170349166826277e+00
6.830000000000000071e+00 1.002234200766604078e+00 9.754188428659993360e-01 1.033198443355252349e+00
6.849999999999999645e+00 1.001347294494028706e+00 9.795230630917475256e-01 1.028088980377084738e+00
6.870000000000000107e+00 1.004410721497650316e+00 9.789260404553011830e-01 1.023248836832071351e+00
6.890000000000000568e+00 1.004678218994421224e+00 9.801943335634595300e-01 1.030883086708758167e+00
6.910000000000000142e+00 1.004798421059615698e+00 9.780799680612510816e-01 1.041783858983342359e+00
6.929999999999999716e+00 1.005178492598568951e+00 9.794907945550298534e-01 1.032678305577949818e+00
6.950000000000000178e+00 1.006818176435030132e+00 9.777720526814071000e-01 1.026048967983727023e+00
6.970000000000000639e+00 1.007717170433756859e+00 9.771396973382278084e-01 1.022516549143150932e+00
6.990000000000000213e+00 1.005732538378528940e+00 9.816818272626314235e-01 1.016453934551086569e+00
7.009999999999999787e+00 1.006875444401930331e+00 9.826512065647415861e-01 1.021255904286858973e+00
7.030000000000000249e+00 1.008238210422880421e+00 9.815052746229656622e-01 1.019987088159554744e+00
7.050000000000000711e+00 1.010037899774635317e+00 9.779851995275500309e-01 1.002357580423958616e+00
7.070000000000000284e+00 1.008432809121942775e+00 9.817982811448618952e-01 1.011806565148546611e+00
7.089999999999999858e+00 1.005578525501072518e+00 9.850847912848981203e-01 1.009682816547045725e+00
7.110000000000000320e+00 1.009210649671090199e+00 9.863605877930544663e-01 1.005735605613529593e+00
7.130000000000000782e+00 1.007516461879983893e+00 9.870520936102544773e-01 1.005749151058751290e+00
7.150000000000000355e+00 1.010560877856360618e+00 9.914846958071154015e-01 1.001993824279507006e+00
7.169999999999999929e+00 1.010889520813159637e+00 9.886984242460780115e-01 1.001187711911357026e+00
7.189999999999999503e+00 1.004392564664743581e+00 9.898778162305901240e-01 9.936012045776926316e-01
7.209999999999999964e+00 1.007277414357018452e+00 9.908410560710850801e-01 9.935165286264576734e-01
7.230000000000000426e+00 1.006394690991414986e+00 9.927381338986895898e-01 9.871548212635654629e-01
7.250000000000000000e+00 1.009674666534574383e+00 9.933028395887733009e-01 9.973631804686214908e-01
7.269999999999999574e+00 1.008165765373111311e+00 9.949381983013002584e-01 9.975187324511890496e-01
7.290000000000000036e+00 1.010166810169761842e+00 9.967745693323484257e-01 9.843527722319427298e-01
7.310000000000000497e+00 1.006442861022454505e+00 9.990827297287716569e-01 9.955201985988281210e-01
7.330000000000000071e+00 1.008119883433181041e+00 1.000111565260361823e+00 9.818294671144334185e-01
7.349999999999999645e+00 1.002863400078574552e+00 9.995819014430621374e-01 9.782816271941375819e-01
7.370000000000000107e+00 9.993968818171766744e-01 9.963993695693847963e-01 9.878247072094533676e-01
7.390000000000000568e+00 9.987454289429352761e-01 9.943136346295273764e-01 9.719456028513212553e-01
7.410000000000000142e+00 9.927264975505861733e-01 9.919771583926835223e-01 9.796811163501757402e-01
7.429999999999999716e+00 9.909415627878382926e-01 9.967236950896359859e-01 9.742438993858613117e-01
7.450000000000000178e+00 9.889102312683658580e-01 9.944506365790719560e-01 9.771665633340413937e-01
7.470000000000000639e+00 9.859001672871986477e-01 9.869410230142933171e-01 9.685748899005252044e-01
7.490000000000000213e+00 9.825775859055745354e-01 9.850205739280374351e-01 9.699860758587297571e-01
7.509999999999999787e+00 9.793947219062166809e-01 9.850467243895129066e-01 9.690847847823413908e-01
7.530000000000000249e+00 9.747745620617426221e-01 9.830505327475660415e-01 9.615538398710986590e-01
7.550000000000000711e+00 9.717353261396495245e-01 9.787058648986010079e-01 9.720951067425699366e-01
7.570000000000000284e+00 9.697577594596479278e-01 9.785648664205072178e-01 9.572488494966163719e-01
7.589999999999999858e+00 9.660931881942146360e-01 9.772366234344410652e-01 9.603854912420483059e-01
7.610000000000000320e+00 9.642723215690574001e-01 9.744792159538067100e-01 9.615762259217323082e-01
7.630000000000000782e+00 9.599295931723790254e-01 9.699567601823790852e-01 9.544445824121744471e-01
7.650000000000000355e+00 9.579231087144758350e-01 9.693216075002500931e-01 9.528077561788668159e-01
7.669999999999999929e+00 9.530499275250294833e-01 9.635260237400955496e-01 9.534784746492371843e-01
7.689999999999999503e+00 9.502587888525793058e-01 9.646086478912625495e-01 9.545604106424773194e-01
7.709999999999999964e+00 9.480152750576186227e-01 9.620115898388809095e-01 9.457323628902623014e-01
7.730000000000000426e+00 9.463854840818038960e-01 9.591795810976211367e-01 9.489058524516497117e-01
7.750000000000000000e+00 9.415393258518226505e-01 9.546270866307353664e-01 9.546252664767420626e-01
7.769999999999999574e+00 9.411039955538360591e-01 9.513844274278056012e-01 9.530951356973696997e-01
7.790000000000000036e+00 9.381478305980637256e-01 9.545925210725840770e-01 9.366663522971039324e-01
7.810000000000000497e+00 9.345456451062809089e-01 9.472752802405129957e-01 9.378582368523383783e-01
7.830000000000000071e+00 9.317349664346441518e-01 9.436912695357773107e-01 9.359181919513361869e-01
7.849999999999999645e+00 9.312829860934888071e-01 9.395515316286566776e-01 9.470058228350229923e-01
7.870000000000000107e+00 9.247953471773241452e-01 9.403906228902322306e-01 9.376929531718050104e-01
7.890000000000000568e+00 9.277356581927456158e-01 9.376400941449524185e-01 9.361995856873194244e-01
7.910000000000000142e+00 9.240695948041138807e-01 9.336034009416225299e-01 9.364248090597860896e-01
7.929999999999999716e+00 9.186854439684921658e-01 9.310567075350721922e-01 9.370198952175670115e-01
7.950000000000000178e+00 9.177162446324010903e-01 9.301006203223555202e-01 9.331179437305482383e-01
7.970000000000000639e+00 9.155775535069186066e-01 9.225906460734909498e-01 9.347772845359876293e-01
7.990000000000000213e+00 9.130769731644859943e-01 9.248374154154229698e-01 9.256689398014734671e-01
