r_A g_Fe_Fe g_Fe_B g_B_B
1.000000000000000021e-02 0.000000000000000000e+00 0.000000000000000000e+00 0.000000000000000000e+00
2.999999999999999889e-02 0.000000000000000000e+00 0.000000000000000000e+00 0.000000000000000000e+00
5.000000000000000278e-02 0.000000000000000000e+00 0.000000000000000000e+00 0.000000000000000000e+00
7.000000000000000666e-02 0.000000000000000000e+00 0.000000000000000000e+00 0.000000000000000000e+00
8.999999999999999667e-02 0.000000000000000000e+00 0.000000000000000000e+00 0.000000000000000000e+00
1.100000000000000006e-01 0.000000000000000000e+00 0.000000000000000000e+00 0.000000000000000000e+00
1.300000000000000044e-01 0.000000000000000000e+00 0.000000000000000000e+00 0.000000000000000000e+00
1.500000000000000222e-01 0.000000000000000000e+00 0.000000000000000000e+00 0.000000000000000000e+00
1.699999999999999845e-01 0.000000000000000000e+00 0.000000000000000000e+00 0.000000000000000000e+00
1.900000000000000022e-01 0.000000000000000000e+00 0.000000000000000000e+00 0.000000000000000000e+00
2.100000000000000200e-01 0.000000000000000000e+00 0.000000000000000000e+00 0.000000000000000000e+00
2.299999999999999822e-01 0.000000000000000000e+00 0.000000000000000000e+00 0.000000000000000000e+00
2.500000000000000000e-01 0.000000000000000000e+00 0.000000000000000000e+00 0.000000000000000000e+00
2.700000000000000178e-01 0.000000000000000000e+00 0.000000000000000000e+00 0.000000000000000000e+00
2.900000000000000355e-01 0.000000000000000000e+00 0.000000000000000000e+00 0.000000000000000000e+00
3.099999999999999978e-01 0.000000000000000000e+00 0.000000000000000000e+00 0.000000000000000000e+00
3.300000000000000155e-01 0.000000000000000000e+00 0.000000000000000000e+00 0.000000000000000000e+00
3.499999999999999778e-01 0.000000000000000000e+00 0.000000000000000000e+00 0.000000000000000000e+00
3.699999999999999956e-01 0.000000000000000000e+00 0.000000000000000000e+00 0.000000000000000000e+00
3.900000000000000133e-01 0.000000000000000000e+00 0.000000000000000000e+00 0.000000000000000000e+00
4.100000000000000311e-01 0.000000000000000000e+00 0.000000000000000000e+00 0.000000000000000000e+00
4.299999999999999933e-01 0.000000000000000000e+00 0.000000000000000000e+00 0.000000000000000000e+00
4.500000000000000111e-01 0.000000000000000000e+00 0.000000000000000000e+00 0.000000000000000000e+00
4.699999999999999734e-01 0.000000000000000000e+00 0.000000000000000000e+00 0.000000000000000000e+00
4.899999999999999911e-01 0.000000000000000000e+00 0.000000000000000000e+00 0.000000000000000000e+00
5.100000000000000089e-01 0.000000000000000000e+00 0.000000000000000000e+00 0.000000000000000000e+00
5.300000000000000266e-01 0.000000000000000000e+00 0.000000000000000000e+00 0.000000000000000000e+00
5.500000000000000444e-01 0.000000000000000000e+00 0.000000000000000000e+00 0.000000000000000000e+00
5.700000000000000622e-01 0.000000000000000000e+00 0.000000000000000000e+00 0.000000000000000000e+00
5.899999999999999689e-01 0.000000000000000000e+00 0.000000000000000000e+00 0.000000000000000000e+00
6.099999999999999867e-01 0.000000000000000000e+00 0.000000000000000000e+00 0.000000000000000000e+00
6.300000000000000044e-01 0.000000000000000000e+00 0.000000000000000000e+00 0.000000000000000000e+00
6.500000000000000222e-01 0.000000000000000000e+00 0.000000000000000000e+00 0.000000000000000000e+00
6.700000000000000400e-01 0.000000000000000000e+00 0.000000000000000000e+00 0.000000000000000000e+00
6.900000000000000577e-01 0.000000000000000000e+00 0.000000000000000000e+00 0.000000000000000000e+00
7.099999999999999645e-01 0.000000000000000000e+00 0.000000000000000000e+00 0.000000000000000000e+00
7.299999999999999822e-01 0.000000000000000000e+00 0.000000000000000000e+00 0.000000000000000000e+00
7.500000000000000000e-01 0.000000000000000000e+00 0.000000000000000000e+00 0.000000000000000000e+00
7.700000000000000178e-01 0.000000000000000000e+00 0.000000000000000000e+00 0.000000000000000000e+00
7.900000000000000355e-01 0.000000000000000000e+00 0.000000000000000000e+00 0.000000000000000000e+00
8.100000000000000533e-01 0.000000000000000000e+00 0.000000000000000000e+00 0.000000000000000000e+00
8.300000000000000711e-01 0.000000000000000000e+00 0.000000000000000000e+00 0.000000000000000000e+00
8.499999999999999778e-01 0.000000000000000000e+00 0.000000000000000000e+00 0.000000000000000000e+00
8.699999999999999956e-01 0.000000000000000000e+00 0.000000000000000000e+00 0.000000000000000000e+00
8.900000000000000133e-01 0.000000000000000000e+00 0.000000000000000000e+00 0.000000000000000000e+00
9.100000000000000311e-01 0.000000000000000000e+00 0.000000000000000000e+00 0.000000000000000000e+00
9.300000000000000488e-01 0.000000000000000000e+00 0.000000000000000000e+00 0.000000000000000000e+00
9.499999999999999556e-01 0.000000000000000000e+00 0.000000000000000000e+00 0.000000000000000000e+00
9.699999999999999734e-01 0.000000000000000000e+00 0.000000000000000000e+00 0.000000000000000000e+00
9.899999999999999911e-01 0.000000000000000000e+00 0.000000000000000000e+00 0.000000000000000000e+00
1.010000000000000009e+00 0.000000000000000000e+00 0.000000000000000000e+00 0.000000000000000000e+00
1.030000000000000027e+00 0.000000000000000000e+00 0.000000000000000000e+00 0.000000000000000000e+00
1.050000000000000044e+00 0.000000000000000000e+00 0.000000000000000000e+00 0.000000000000000000e+00
1.070000000000000062e+00 0.000000000000000000e+00 0.000000000000000000e+00 0.000000000000000000e+00
1.090000000000000080e+00 0.000000000000000000e+00 0.000000000000000000e+00 0.000000000000000000e+00
1.110000000000000098e+00 0.000000000000000000e+00 0.000000000000000000e+00 0.000000000000000000e+00
1.130000000000000115e+00 0.000000000000000000e+00 0.000000000000000000e+00 0.000000000000000000e+00
1.149999999999999911e+00 0.000000000000000000e+00 0.000000000000000000e+00 0.000000000000000000e+00
1.169999999999999929e+00 0.000000000000000000e+00 0.000000000000000000e+00 0.000000000000000000e+00
1.189999999999999947e+00 0.000000000000000000e+00 0.000000000000000000e+00 0.000000000000000000e+00
1.209999999999999964e+00 0.000000000000000000e+00 0.000000000000000000e+00 0.000000000000000000e+00
1.229999999999999982e+00 0.000000000000000000e+00 0.000000000000000000e+00 0.000000000000000000e+00
1.250000000000000000e+00 0.000000000000000000e+00 0.000000000000000000e+00 0.000000000000000000e+00
1.270000000000000018e+00 0.000000000000000000e+00 0.000000000000000000e+00 0.000000000000000000e+00
1.290000000000000036e+00 0.000000000000000000e+00 0.000000000000000000e+00 0.000000000000000000e+00
1.310000000000000053e+00 0.000000000000000000e+00 0.000000000000000000e+00 0.000000000000000000e+00
1.330000000000000071e+00 0.000000000000000000e+00 0.000000000000000000e+00 0.000000000000000000e+00
1.350000000000000089e+00 0.000000000000000000e+00 0.000000000000000000e+00 0.000000000000000000e+00
1.370000000000000107e+00 0.000000000000000000e+00 0.000000000000000000e+00 0.000000000000000000e+00
1.390000000000000124e+00 0.000000000000000000e+00 0.000000000000000000e+00 8.442550453622239869e-04
1.410000000000000142e+00 0.000000000000000000e+00 0.000000000000000000e+00 0.000000000000000000e+00
1.429999999999999938e+00 0.000000000000000000e+00 0.000000000000000000e+00 3.988426635699257768e-03
1.449999999999999956e+00 0.000000000000000000e+00 0.000000000000000000e+00 5.430826243668444506e-03
1.469999999999999973e+00 0.000000000000000000e+00 0.000000000000000000e+00 2.264595519653963065e-02
1.489999999999999991e+00 0.000000000000000000e+00 0.000000000000000000e+00 3.747156885349477162e-02
1.510000000000000009e+00 0.000000000000000000e+00 0.000000000000000000e+00 1.051641821977989250e-01
1.530000000000000027e+00 0.000000000000000000e+00 0.000000000000000000e+00 1.609658294812015000e-01
1.550000000000000044e+00 0.000000000000000000e+00 0.000000000000000000e+00 2.681874380168632332e-01
1.570000000000000062e+00 0.000000000000000000e+00 0.000000000000000000e+00 3.811782074273881715e-01
1.590000000000000080e+00 0.000000000000000000e+00 2.739643288836816491e-04 5.923159998750975319e-01
1.610000000000000098e+00 0.000000000000000000e+00 2.672001255060709119e-04 7.778070793610000200e-01
1.630000000000000115e+00 0.000000000000000000e+00 2.606833763217495303e-04 9.859971083918490642e-01
1.650000000000000133e+00 0.000000000000000000e+00 2.035217254503546465e-03 1.149774114101474121e+00
1.669999999999999929e+00 0.000000000000000000e+00 4.966905043709488043e-03 1.383259844836439934e+00
1.689999999999999947e+00 0.000000000000000000e+00 1.188260325653386212e-02 1.532332287506131152e+00
1.709999999999999964e+00 0.000000000000000000e+00 2.498902334668507905e-02 1.611056513722553651e+00
1.729999999999999982e+00 0.000000000000000000e+00 4.755637880396044320e-02 1.739163926615568512e+00
1.750000000000000000e+00 0.000000000000000000e+00 9.419507061886876753e-02 1.731597311701865927e+00
1.770000000000000018e+00 0.000000000000000000e+00 1.506637252259914739e-01 1.708827328944658497e+00
1.790000000000000036e+00 0.000000000000000000e+00 2.451300022353884445e-01 1.686127865843415119e+00
1.810000000000000053e+00 0.000000000000000000e+00 3.752587119341996291e-01 1.587828922755073480e+00
1.830000000000000071e+00 0.000000000000000000e+00 5.558222979417103415e-01 1.448102038091676258e+00
1.850000000000000089e+00 0.000000000000000000e+00 7.869160646304126372e-01 1.385028407805973805e+00
1.870000000000000107e+00 0.000000000000000000e+00 1.033500560694305959e+00 1.297718603616155653e+00
1.890000000000000124e+00 0.000000000000000000e+00 1.348732761882199815e+00 1.101895523415918898e+00
1.910000000000000142e+00 0.000000000000000000e+00 1.678797680325204711e+00 1.074021704957806467e+00
1.929999999999999938e+00 3.200261859052288757e-04 2.027595165729386029e+00 9.384571000824363241e-01
1.949999999999999956e+00 1.645850158388467623e-03 2.395045069177755170e+00 8.159212433177269741e-01
1.969999999999999973e+00 2.303716860798359599e-03 2.754369739800614170e+00 7.015052279606978081e-01
1.989999999999999991e+00 4.440033347214152742e-03 3.133205481334850440e+00 6.458728185635286279e-01
2.009999999999999787e+00 1.106469863490603875e-02 3.400746736541883752e+00 5.809996271381439037e-01
2.030000000000000249e+00 2.082768149628488538e-02 3.632565545427609344e+00 5.272534059158809905e-01
2.049999999999999822e+00 3.744266776686274584e-02 3.791365258686543616e+00 4.599577504640909309e-01
2.070000000000000284e+00 6.308226033046315795e-02 3.931821989398252448e+00 4.328397654879119205e-01
2.089999999999999858e+00 9.524310835799912334e-02 3.993612555139971931e+00 3.648458705628651044e-01
2.110000000000000320e+00 1.534899417288321244e-01 3.990059183306411406e+00 3.392763460971676692e-01
2.129999999999999893e+00 2.168995744313686747e-01 3.949982493208801682e+00 2.980594464949345990e-01
2.150000000000000355e+00 3.099762614979529318e-01 3.873690239290906501e+00 2.773660183969058335e-01
2.169999999999999929e+00 4.255486248838065144e-01 3.738706482753692661e+00 2.525316079975291061e-01
2.190000000000000391e+00 5.627780474505867936e-01 3.574770235457895406e+00 2.183506744773507924e-01
2.209999999999999964e+00 7.226337592024411061e-01 3.386136266196637656e+00 1.917057498016829786e-01
2.230000000000000426e+00 8.981442602909905926e-01 3.181797380083273286e+00 2.069795697546457369e-01
2.250000000000000000e+00 1.094583657098326723e+00 2.967191686257952377e+00 1.884945197258604266e-01
2.270000000000000462e+00 1.296252168838682994e+00 2.752296365428443359e+00 1.690431165806323688e-01
2.290000000000000036e+00 1.519437985831769478e+00 2.512460700847310768e+00 1.567716643518180797e-01
2.310000000000000053e+00 1.704351603928563774e+00 2.327728795289657704e+00 1.549858481849157588e-01
2.330000000000000071e+00 1.907641784327491319e+00 2.112199345905535264e+00 1.517356492492982489e-01
2.349999999999999645e+00 2.095591487119137231e+00 1.930728630541974855e+00 1.497546688768045808e-01
2.370000000000000107e+00 2.262573488608693673e+00 1.761222242542757721e+00 1.286516067846835976e-01
2.389999999999999680e+00 2.452234683235271273e+00 1.596489262308995016e+00 1.410715280221733203e-01
2.410000000000000142e+00 2.577744047496380642e+00 1.430639052515824794e+00 1.457610667467801879e-01
2.429999999999999716e+00 2.670745171162313802e+00 1.301503810441781761e+00 1.375704322136812596e-01
2.450000000000000178e+00 2.769513774830623110e+00 1.175223447056320758e+00 1.388663681924913740e-01
2.469999999999999751e+00 2.798654665608332870e+00 1.074870056497901682e+00 1.422414303115804857e-01
2.490000000000000213e+00 2.825736654118368385e+00 9.612107174698591994e-01 1.389132433134254718e-01
2.509999999999999787e+00 2.860969652792124229e+00 8.751542387024476843e-01 1.473239258782607086e-01
2.530000000000000249e+00 2.849065736267282656e+00 7.979639485056523318e-01 1.554523489497321720e-01
2.549999999999999822e+00 2.833102848546698471e+00 7.280843484174479574e-01 1.773566938562850803e-01
2.570000000000000284e+00 2.798384277814796928e+00 6.732779733812254142e-01 1.822630699963637968e-01
2.589999999999999858e+00 2.712106059096501376e+00 6.040156266777976235e-01 1.806749259152393150e-01
2.610000000000000320e+00 2.651276438052255546e+00 5.502100485146610431e-01 2.203004809723128343e-01
2.629999999999999893e+00 2.563453870913784183e+00 5.158389228805034810e-01 2.259241603817776778e-01
2.650000000000000355e+00 2.457642920550496601e+00 4.692719795505182478e-01 2.543496050668616060e-01
2.669999999999999929e+00 2.370880988302365378e+00 4.352586946534601764e-01 2.814435601526755204e-01
2.690000000000000391e+00 2.281928876301499987e+00 4.061735517161124132e-01 3.025218259340273774e-01
2.709999999999999964e+00 2.157717776219339800e+00 3.809143157860714335e-01 3.207283854909082077e-01
2.730000000000000426e+00 2.054642414812784423e+00 3.671755785730127508e-01 3.580690801795192169e-01
2.750000000000000000e+00 1.928672283872500337e+00 3.379962659829198746e-01 4.143533178575549702e-01
2.770000000000000462e+00 1.821066423781754429e+00 3.302445271831112028e-01 4.317767532698590927e-01
2.790000000000000036e+00 1.730042939723577478e+00 3.160951373900829919e-01 4.909901505193808857e-01
2.810000000000000053e+00 1.612506455239400616e+00 3.013926635976243995e-01 5.364981567772887372e-01
2.830000000000000071e+00 1.495949763096281249e+00 2.912238375909770860e-01 5.480873479542476279e-01
2.849999999999999645e+00 1.403958414354919304e+00 2.893252599746573006e-01 6.181414562992593176e-01
2.870000000000000107e+00 1.316366993009719266e+00 2.817752680045593761e-01 7.184763633809317929e-01
2.889999999999999680e+00 1.233091233455775537e+00 2.775156025947519978e-01 7.665720847320428577e-01
2.910000000000000142e+00 1.158342539804726901e+00 2.687248187888744977e-01 8.140527785464874988e-01
2.929999999999999716e+00 1.056352961148808278e+00 2.750728723726137970e-01 8.611201108320382103e-01
2.950000000000000178e+00 9.830053566949331634e-01 2.754147229633331362e-01 9.373934549569069574e-01
2.969999999999999751e+00 9.209571172930977045e-01 2.785099038491848922e-01 9.850968146485822308e-01
2.990000000000000213e+00 8.578753821130583601e-01 2.751451220463574376e-01 1.061367599278976170e+00
3.009999999999999787e+00 7.953965386337066290e-01 2.786868701930363401e-01 1.129949680447245530e+00
3.030000000000000249e+00 7.320850105807035213e-01 2.920696461233947550e-01 1.176735021687026927e+00
3.049999999999999822e+00 6.896140954671338141e-01 3.073494557435162977e-01 1.237455642600023831e+00
3.070000000000000284e+00 6.328167079622547542e-01 3.123969698457264021e-01 1.278845670107087162e+00
3.089999999999999858e+00 5.899121727160956397e-01 3.335373597429461823e-01 1.323334928065740712e+00
3.110000000000000320e+00 5.642933908751222027e-01 3.415423584428946557e-01 1.376696725662922782e+00
3.129999999999999893e+00 5.199626740356125820e-01 3.606277692536956625e-01 1.398953509852255195e+00
3.150000000000000355e+00 4.928973776841797383e-01 3.754680372668759425e-01 1.457360288094154965e+00
3.169999999999999929e+00 4.595022214065795918e-01 3.966953300092856960e-01 1.479935362227361217e+00
3.190000000000000391e+00 4.428933833278487220e-01 4.273676935749112227e-01 1.512571458721421402e+00
3.209999999999999964e+00 4.191417133068077727e-01 4.516681671010304155e-01 1.536366495827537149e+00
3.230000000000000426e+00 3.986847968675812370e-01 4.720496752458352985e-01 1.554923807059844787e+00
3.250000000000000000e+00 3.812938941505299439e-01 5.109786012120258736e-01 1.549744280016427167e+00
3.270000000000000462e+00 3.655236353982853070e-01 5.424777764092721943e-01 1.553727784056425421e+00
3.290000000000000036e+00 3.538519654630153388e-01 5.886287635040685640e-01 1.571063316107643271e+00
3.310000000000000497e+00 3.482286848621535258e-01 6.154846851405590957e-01 1.539926432393712297e+00
3.330000000000000071e+00 3.382532542932222275e-01 6.595497752617758280e-01 1.563702929487895243e+00
3.349999999999999645e+00 3.345451426828226493e-01 7.053299465162098381e-01 1.537820058971816728e+00
3.370000000000000107e+00 3.298250815442204664e-01 7.536088065678341330e-01 1.538436944545652052e+00
3.389999999999999680e+00 3.245963446353929416e-01 7.821096478032150134e-01 1.527860808184978270e+00
3.410000000000000142e+00 3.317692114173879103e-01 8.355044911280490316e-01 1.498628485276177091e+00
3.429999999999999716e+00 3.361187596238325859e-01 8.805104192358522708e-01 1.493265359400749448e+00
3.450000000000000178e+00 3.379417667006400783e-01 9.153418328493224676e-01 1.476550559733994961e+00
3.469999999999999751e+00 3.456159024297084104e-01 9.449998833771511286e-01 1.428013848859637447e+00
3.490000000000000213e+00 3.582551059035979923e-01 9.866575920461345683e-01 1.420131087128708280e+00
3.509999999999999787e+00 3.777447360223025186e-01 1.023175128487095353e+00 1.389826368275504098e+00
3.530000000000000249e+00 3.938531420283827855e-01 1.058248242798981664e+00 1.366398818313718566e+00
3.549999999999999822e+00 4.104032505317317669e-01 1.067462064569145497e+00 1.330077658306228816e+00
3.570000000000000284e+00 4.338076398990690086e-01 1.100532570819265032e+00 1.320208188143554340e+00
3.589999999999999858e+00 4.637422604469425003e-01 1.117942598414466415e+00 1.319208603937584989e+00
3.610000000000000320e+00 4.916852421647399107e-01 1.137504521215651154e+00 1.302003322741754232e+00
3.629999999999999893e+00 5.271731975833586770e-01 1.160957648758679017e+00 1.265908154576476541e+00
3.650000000000000355e+00 5.578965326852816098e-01 1.176551450975434454e+00 1.280601792054121058e+00
3.669999999999999929e+00 5.993378879977375728e-01 1.171296503007110745e+00 1.230349550091102140e+00
3.690000000000000391e+00 6.460664094045681649e-01 1.175420229585066201e+00 1.212017002451341918e+00
3.709999999999999964e+00 6.795002400695399070e-01 1.183488318957499841e+00 1.235604858664530292e+00
3.730000000000000426e+00 7.382288376603590718e-01 1.179940979064222129e+00 1.206796456851711552e+00
3.750000000000000000e+00 7.824875639967456831e-01 1.174013028520144442e+00 1.221913623433729557e+00
3.770000000000000462e+00 8.275713156978520280e-01 1.177330019256616511e+00 1.218050243806633182e+00
3.790000000000000036e+00 8.731561804839659269e-01 1.172386959910075577e+00 1.225442738065675830e+00
3.810000000000000497e+00 9.175765472612628093e-01 1.178933821927223846e+00 1.226769922175871885e+00
3.830000000000000071e+00 9.707147734627890046e-01 1.155061677617373661e+00 1.252244639918001390e+00
3.849999999999999645e+00 1.015624930424211092e+00 1.160544915803447319e+00 1.252804224495348784e+00
3.870000000000000107e+00 1.066601343677639147e+00 1.160003322816635096e+00 1.262434245590359216e+00
3.889999999999999680e+00 1.098654924688005963e+00 1.144558677119134726e+00 1.270075729160347722e+00
3.910000000000000142e+00 1.144501698865368899e+00 1.124679528454263444e+00 1.281763124744577986e+00
3.929999999999999716e+00 1.169042422260732073e+00 1.129001935683084934e+00 1.280262425057049569e+00
3.950000000000000178e+00 1.192169164077879762e+00 1.126897972203595666e+00 1.293885778346832716e+00
3.969999999999999751e+00 1.230144500103439675e+00 1.116341502347516723e+00 1.315346596652732458e+00
3.990000000000000213e+00 1.244350158327163225e+00 1.115532564436682694e+00 1.291742087290477903e+00
4.009999999999999787e+00 1.268553538669860314e+00 1.108826268153479511e+00 1.303742518145302842e+00
4.030000000000000249e+00 1.280692633802651637e+00 1.105012486056597742e+00 1.330206134104652493e+00
4.050000000000000711e+00 1.291004462492759686e+00 1.110403992060553513e+00 1.315708477379972763e+00
4.070000000000000284e+00 1.287199210160799856e+00 1.094897504286867607e+00 1.294242250624134893e+00
4.089999999999999858e+00 1.288234449725302655e+00 1.098438074536439490e+00 1.304823732140103720e+00
4.109999999999999432e+00 1.299174268072213145e+00 1.103805657754966862e+00 1.280181401007888686e+00
4.129999999999999893e+00 1.295777295411689067e+00 1.111434074459992427e+00 1.266473727024191476e+00
4.150000000000000355e+00 1.281137688347222747e+00 1.117074915229377741e+00 1.286404201707468609e+00
4.169999999999999929e+00 1.269769290018570862e+00 1.126599510244451041e+00 1.237884491925850483e+00
4.189999999999999503e+00 1.258728804030185389e+00 1.138633672151071030e+00 1.205468262670198909e+00
4.209999999999999964e+00 1.244426997525998058e+00 1.142143455040859568e+00 1.193581941870158536e+00
4.230000000000000426e+00 1.224675823442833433e+00 1.154690796367346950e+00 1.170743835050100490e+00
4.250000000000000000e+00 1.217301428376894812e+00 1.160529037443969402e+00 1.120827742077906919e+00
4.269999999999999574e+00 1.200792502458323474e+00 1.172627328629016752e+00 1.102927180142707630e+00
4.290000000000000036e+00 1.191873254524208781e+00 1.186877473685994167e+00 1.072902310594548769e+00
4.310000000000000497e+00 1.176730432710539676e+00 1.204318055216503147e+00 1.038995338615507524e+00
4.330000000000000071e+00 1.162245054965695301e+00 1.218782117508406593e+00 9.969672964335913878e-01
4.349999999999999645e+00 1.148432446087715775e+00 1.222168637028006266e+00 9.692868386346610299e-01
4.370000000000000107e+00 1.136727315177959996e+00 1.232677824629871299e+00 9.396785004618415371e-01
4.390000000000000568e+00 1.121244080150133549e+00 1.242981143175798220e+00 9.021887937174977168e-01
4.410000000000000142e+00 1.119126808830164244e+00 1.242523447807784898e+00 8.848818638822719684e-01
4.429999999999999716e+00 1.102970359523645749e+00 1.253758177290664522e+00 8.365970847594540460e-01
4.450000000000000178e+00 1.097909218177813173e+00 1.255192675586101814e+00 8.255519416398736654e-01
4.470000000000000639e+00 1.089493633685544971e+00 1.257053987305455811e+00 7.923832271025594842e-01
4.490000000000000213e+00 1.090260603340451162e+00 1.251961231988638845e+00 7.654353125824324700e-01
4.509999999999999787e+00 1.078062933858193739e+00 1.250961337384442817e+00 7.524864406550606510e-01
4.530000000000000249e+00 1.076624733939025136e+00 1.244783105906023479e+00 7.276533889939968969e-01
4.550000000000000711e+00 1.084411884950448046e+00 1.232843626433174800e+00 7.387625366901018342e-01
4.570000000000000284e+00 1.074884020970920950e+00 1.223469370669370448e+00 7.056767702157227262e-01
4.589999999999999858e+00 1.084223453740958965e+00 1.211844318967227219e+00 7.015535554657336137e-01
4.610000000000000320e+00 1.088340463081908238e+00 1.191575066298275809e+00 6.876504988784893913e-01
4.629999999999999893e+00 1.081349442569408570e+00 1.172999368808223641e+00 6.722108148799217364e-01
4.650000000000000355e+00 1.100708188686651656e+00 1.168808684309600165e+00 6.554264970742965657e-01
4.669999999999999929e+00 1.108245082647353996e+00 1.144448219957134638e+00 6.661300468556451415e-01
4.689999999999999503e+00 1.103595958520938503e+00 1.124821003538639452e+00 6.691375033062021416e-01
4.709999999999999964e+00 1.109585001005507054e+00 1.103440181213076743e+00 6.662610445465528830e-01
4.730000000000000426e+00 1.118031002310897470e+00 1.070708876891564021e+00 6.588158689138523538e-01
4.750000000000000000e+00 1.125437154512564319e+00 1.051258802494836830e+00 6.773546800909060472e-01
4.769999999999999574e+00 1.127873060551410900e+00 1.026297624409142850e+00 6.776369458523944234e-01
4.790000000000000036e+00 1.132710007323103785e+00 1.003013857103634443e+00 6.847160103337200932e-01
4.810000000000000497e+00 1.129814938417004200e+00 9.797517497127229413e-01 6.967305100805091245e-01
4.830000000000000071e+00 1.132204810627625235e+00 9.546724275540511284e-01 6.958670025207571719e-01
4.849999999999999645e+00 1.143271552436704530e+00 9.421922384911465276e-01 7.114292139043125740e-01
4.870000000000000107e+00 1.135936164638155166e+00 9.128733787258742627e-01 7.274006203396270465e-01
4.890000000000000568e+00 1.134739349894030580e+00 8.894905642638064602e-01 7.228270286292231006e-01
4.910000000000000142e+00 1.134797562421126393e+00 8.757660716384064736e-01 7.363018549868682872e-01
4.929999999999999716e+00 1.123806503229780596e+00 8.520183747521512529e-01 7.531588574896780353e-01
4.950000000000000178e+00 1.122625081739945463e+00 8.384762337250591946e-01 7.644606474394403106e-01
4.970000000000000639e+00 1.112449812578864883e+00 8.269466522667394681e-01 7.921321615313411391e-01
4.990000000000000213e+00 1.114980248501166393e+00 8.181197544677681899e-01 7.877604448955535243e-01
5.009999999999999787e+00 1.100634316199826213e+00 8.016118025451995921e-01 8.026046783281061137e-01
5.030000000000000249e+00 1.095338629839761158e+00 7.925670671028024472e-01 8.292447310479766909e-01
5.050000000000000711e+00 1.080276020052260977e+00 7.849845454657251587e-01 8.267830898925416783e-01
5.070000000000000284e+00 1.061776058080364793e+00 7.735223850635842835e-01 8.490834763659537154e-01
5.089999999999999858e+00 1.058302675650145241e+00 7.705165742496632442e-01 8.670419544150177460e-01
5.110000000000000320e+00 1.040812984788793027e+00 7.780245773633277517e-01 8.917528787892299302e-01
5.129999999999999893e+00 1.022374290299549626e+00 7.693512659035202095e-01 9.047098780039185550e-01
5.150000000000000355e+00 1.010122915780841124e+00 7.676831408865006923e-01 9.099357399915167788e-01
5.169999999999999929e+00 1.000583427664158309e+00 7.777432401635573367e-01 9.286630597818675836e-01
5.189999999999999503e+00 9.817010535184848008e-01 7.770061538375490073e-01 9.620332065141462552e-01
5.209999999999999964e+00 9.728719601980734266e-01 7.859408847944502341e-01 9.524979385019011202e-01
5.230000000000000426e+00 9.502792028531524826e-01 7.933237983497365420e-01 9.737925324387426418e-01
5.250000000000000000e+00 9.392900405980239009e-01 7.913744062062695317e-01 9.716545239671572354e-01
5.269999999999999574e+00 9.156277217995326678e-01 7.989956553765372727e-01 1.009459926614883152e+00
5.290000000000000036e+00 9.037866048385577722e-01 8.153522604395874174e-01 1.008428240853412428e+00
5.310000000000000497e+00 8.921821261338817033e-01 8.225602376298069007e-01 1.043136196537195248e+00
5.330000000000000071e+00 8.818799818789139211e-01 8.301980171309555345e-01 1.043935333004551103e+00
5.349999999999999645e+00 8.672815454235455190e-01 8.407236048299875364e-01 1.049936515118433222e+00
5.370000000000000107e+00 8.578776809753583255e-01 8.555490877639549963e-01 1.084894839765212060e+00
5.390000000000000568e+00 8.451425360909703421e-01 8.604525276471188810e-01 1.084326275713915599e+00
5.410000000000000142e+00 8.369299698464144344e-01 8.758027817166883500e-01 1.101125278370253646e+00
5.429999999999999716e+00 8.245094489833367790e-01 8.873216372346527381e-01 1.101603967038487841e+00
5.450000000000000178e+00 8.232751391065210589e-01 9.007001579269746649e-01 1.100947618117485538e+00
5.470000000000000639e+00 8.160407513503443733e-01 9.064869187724339250e-01 1.125076841895238600e+00
5.490000000000000213e+00 8.048456360351730066e-01 9.172671478418067403e-01 1.134970905739065561e+00
5.509999999999999787e+00 8.089179232690477672e-01 9.321447716526622962e-01 1.126692786212381225e+00
5.530000000000000249e+00 7.986822752451365748e-01 9.492635938078062274e-01 1.144001446425001012e+00
5.550000000000000711e+00 7.949101145478306707e-01 9.545654560522038867e-01 1.146256764683542873e+00
5.570000000000000284e+00 8.026791788238479830e-01 9.676697272432209784e-01 1.135253298326662996e+00
5.589999999999999858e+00 7.981283908210098366e-01 9.749102536520662943e-01 1.135496691880055975e+00
5.610000000000000320e+00 7.997486155733806168e-01 9.938630709901048466e-01 1.152552643985352843e+00
5.629999999999999893e+00 7.983076271040557836e-01 1.000427769623446261e+00 1.141599554305486430e+00
5.650000000000000355e+00 8.076123492024493977e-01 1.008708158164297597e+00 1.161176369761375948e+00
5.669999999999999929e+00 8.167105344771251607e-01 1.021123521864316652e+00 1.151984319955318803e+00
5.689999999999999503e+00 8.210402111806077707e-01 1.034516318577672012e+00 1.148737040294847356e+00
5.709999999999999964e+00 8.333878031670666209e-01 1.040325335046673239e+00 1.134750272880856947e+00
5.730000000000000426e+00 8.350958639425134500e-01 1.047568135095820141e+00 1.137673363524453363e+00
5.750000000000000000e+00 8.429074479895262151e-01 1.055879246869918076e+00 1.141120445362769908e+00
5.769999999999999574e+00 8.597391989700410297e-01 1.066130530744081373e+00 1.136016209278853051e+00
5.790000000000000036e+00 8.709226341476516975e-01 1.059821280335487170e+00 1.120931621513740151e+00
5.810000000000000497e+00 8.797424801856090770e-01 1.071886067640084317e+00 1.124680315660907315e+00
5.830000000000000071e+00 8.925069519177369903e-01 1.084922171806845803e+00 1.121008424642685020e+00
5.849999999999999645e+00 9.037964844537634823e-01 1.085794202124979346e+00 1.102107605581939653e+00
5.870000000000000107e+00 9.201789561225311997e-01 1.090207154669920797e+00 1.115061460906377588e+00
5.890000000000000568e+00 9.273586722305710017e-01 1.093177632181803638e+00 1.096217025918192922e+00
5.910000000000000142e+00 9.436096303273665553e-01 1.098750107812790366e+00 1.082131797902665671e+00
5.929999999999999716e+00 9.656123732220447398e-01 1.098461502105348542e+00 1.093260579879635541e+00
5.950000000000000178e+00 9.729878301425410880e-01 1.100509414408812559e+00 1.096428656044741379e+00
5.970000000000000639e+00 9.852097990054908827e-01 1.108374108404616143e+00 1.075913535986617653e+00
5.990000000000000213e+00 1.001275506650096236e+00 1.108310718948237961e+00 1.090199273503306143e+00
6.009999999999999787e+00 1.011676887373657019e+00 1.110716426507248666e+00 1.061684724913669609e+00
6.030000000000000249e+00 1.027172193634884323e+00 1.104722677630244787e+00 1.081705331659417624e+00
6.050000000000000711e+00 1.043540005036955209e+00 1.111982353110810173e+00 1.056516326507745518e+00
6.070000000000000284e+00 1.057000954351325239e+00 1.107251458433492930e+00 1.064618199480312333e+00
6.089999999999999858e+00 1.061456027969968963e+00 1.099206472108769317e+00 1.064146469740213430e+00
6.110000000000000320e+00 1.076319758227133994e+00 1.101595424533211798e+00 1.056710648095588567e+00
6.130000000000000782e+00 1.080855324266350337e+00 1.092022771477786813e+00 1.045225107904888207e+00
6.150000000000000355e+00 1.090438713919949176e+00 1.092174262270080964e+00 1.057586824166217188e+00
6.169999999999999929e+00 1.100744286562813201e+00 1.088871313425686438e+00 1.060039845244004519e+00
6.189999999999999503e+00 1.108747416951614273e+00 1.080418324819799825e+00 1.048901080514118567e+00
6.209999999999999964e+00 1.119275442321095326e+00 1.080169464066826457e+00 1.052053658757966303e+00
6.230000000000000426e+00 1.121821407830792428e+00 1.072897346339952929e+00 1.035307186295210347e+00
6.250000000000000000e+00 1.126478630275343340e+00 1.068204979433341029e+00 1.041177776037145231e+00
6.269999999999999574e+00 1.130788372646912343e+00 1.061409958176333435e+00 1.037035675654012223e+00
6.290000000000000036e+00 1.131743948660091981e+00 1.055327353225401943e+00 1.045293999649557160e+00
6.310000000000000497e+00 1.133188650336332204e+00 1.055101789272484991e+00 1.037162396867907566e+00
6.330000000000000071e+00 1.135641236341644378e+00 1.041314678996084320e+00 1.027891225535749964e+00
6.349999999999999645e+00 1.130479618396643904e+00 1.035933584686714370e+00 1.035464107997672967e+00
6.370000000000000107e+00 1.125962585400011262e+00 1.015877195064631699e+00 1.013736198985742298e+00
6.390000000000000568e+00 1.121479866308339179e+00 1.010715363968959668e+00 1.010037019274477421e+00
6.410000000000000142e+00 1.115536931390254338e+00 1.005142938904510563e+00 1.010612134877017843e+00
6.429999999999999716e+00 1.111974342823955242e+00 9.968141870170590391e-01 1.005676489150263198e+00
6.450000000000000178e+00 1.107180811959634692e+00 9.905837131002813711e-01 9.944698073150586293e-01
6.470000000000000639e+00 1.098958127716488375e+00 9.809034204251385614e-01 9.800700275445729526e-01
6.490000000000000213e+00 1.088636376682474038e+00 9.800633763762967021e-01 9.761301389688006314e-01
6.509999999999999787e+00 1.085304900867016364e+00 9.690988087365848269e-01 9.662926246704928168e-01
6.530000000000000249e+00 1.077891188075373652e+00 9.654050353220346992e-01 9.694489448683845101e-01
6.550000000000000711e+00 1.065344779330369196e+00 9.594215735679564316e-01 9.544125591481928961e-01
6.570000000000000284e+00 1.062410390540386107e+00 9.503158867440054669e-01 9.489507892002602141e-01
6.589999999999999858e+00 1.045135908768102473e+00 9.468769369270373382e-01 9.448898444851815404e-01
6.610000000000000320e+00 1.033698422206355216e+00 9.432243614120653374e-01 9.299589963445349383e-01
6.630000000000000782e+00 1.030061224334003711e+00 9.398664246136461120e-01 9.240599758922116713e-01
6.650000000000000355e+00 1.023281650321728797e+00 9.345739958038612460e-01 9.253709669780159075e-01
6.669999999999999929e+00 1.012136889943463069e+00 9.263000085120713933e-01 9.121667302292438828e-01
6.689999999999999503e+00 1.007965403053965758e+00 9.269677669950131538e-01 9.114225990854876169e-01
6.709999999999999964e+00 9.926988926355896359e-01 9.212732104623715390e-01 9.049105879862210378e-01
6.730000000000000426e+00 9.761219048518895436e-01 9.161574451580264400e-01 8.918690744724810937e-01
6.750000000000000000e+00 9.683249206506203688e-01 9.114736832701562097e-01 8.858041220831053275e-01
6.769999999999999574e+00 9.641791579156373526e-01 9.109169388548354895e-01 8.839236536789206733e-01
6.790000000000000036e+00 9.515974713700359189e-01 9.107565470745315750e-01 8.784764503606293795e-01
6.810000000000000497e+00 9.437799774091856220e-01 9.037571188223892937e-01 8.710730033291239627e-01
6.830000000000000071e+00 9.356415064524747915e-01 9.017978364844176919e-01 8.603491984471808296e-01
6.849999999999999645e+00 9.257907872517967540e-01 8.997869507985265525e-01 8.575574930716822752e-01
6.870000000000000107e+00 9.200546929803363749e-01 8.984665525419233134e-01 8.495302650071047124e-01
6.890000000000000568e+00 9.114942846812171817e-01 8.922075855281783596e-01 8.626108873536270094e-01
6.910000000000000142e+00 9.033419822276642641e-01 8.848454698062498958e-01 8.505529968998135626e-01
6.929999999999999716e+00 8.951567713738532994e-01 8.853989566326126992e-01 8.517305959074821242e-01
6.950000000000000178e+00 8.909685321091040944e-01 8.831926445770434952e-01 8.515635125524770865e-01
6.970000000000000639e+00 8.864577543970260098e-01 8.781598965672180457e-01 8.484630991625219387e-01
6.990000000000000213e+00 8.813556987469634008e-01 8.727095000028414207e-01 8.496908879946403204e-01
7.009999999999999787e+00 8.764186480621417585e-01 8.720004744841644007e-01 8.495298715160117808e-01
7.030000000000000249e+00 8.692922521185871831e-01 8.680830257002865036e-01 8.498520283055310820e-01
7.050000000000000711e+00 8.713824794269944274e-01 8.683277399745578107e-01 8.397202532343679415e-01
7.070000000000000284e+00 8.622680168227595532e-01 8.618630855913783639e-01 8.448315818803133759e-01
7.089999999999999858e+00 8.556493910910275558e-01 8.588194016029854216e-01 8.451017681580140772e-01
7.110000000000000320e+00 8.544738780669804967e-01 8.535493014325794547e-01 8.404185538223266638e-01
7.130000000000000782e+00 8.488837932222664806e-01 8.527730735412639707e-01 8.433791725749145707e-01
7.150000000000000355e+00 8.463158433097375255e-01 8.478193157710989247e-01 8.432942166712972254e-01
7.169999999999999929e+00 8.428821473425680555e-01 8.470099268559206918e-01 8.542391763144537853e-01
7.189999999999999503e+00 8.486741639827534156e-01 8.405827013014504079e-01 8.525856950758992081e-01
7.209999999999999964e+00 8.408536907466958032e-01 8.389169045977925565e-01 8.654658942172581693e-01
7.230000000000000426e+00 8.372514238105699391e-01 8.381311524278503011e-01 8.588119850720904447e-01
7.250000000000000000e+00 8.356604834126892811e-01 8.348310651690906692e-01 8.501699961922659643e-01
7.269999999999999574e+00 8.288473268269560545e-01 8.330812461470047392e-01 8.612390019568815225e-01
7.290000000000000036e+00 8.297171884762024607e-01 8.296242192386055203e-01 8.559980956469436242e-01
7.310000000000000497e+00 8.273973376988827955e-01 8.271646225668193297e-01 8.636837181465053526e-01
7.330000000000000071e+00 8.283241517495555373e-01 8.268787190460443748e-01 8.654133380056522329e-01
7.349999999999999645e+00 8.244071575176603606e-01 8.297632611073689768e-01 8.608609915255592826e-01
7.370000000000000107e+00 8.179087693595505915e-01 8.232511850018714439e-01 8.651444456471709676e-01
7.390000000000000568e+00 8.160087910868500938e-01 8.266262916332549615e-01 8.536279849067083259e-01
7.410000000000000142e+00 8.204893762340471630e-01 8.260678623133330678e-01 8.585922185701921894e-01
7.429999999999999716e+00 8.135894851052465349e-01 8.219779447272176354e-01 8.670069538734224146e-01
7.450000000000000178e+00 8.138770443783391872e-01 8.191678840340040901e-01 8.626520330832395667e-01
7.470000000000000639e+00 8.102457728934369108e-01 8.189206160304174364e-01 8.606406441164862198e-01
7.490000000000000213e+00 8.081131275898641997e-01 8.223619636325021354e-01 8.592490214690786665e-01
7.509999999999999787e+00 8.086918078988273306e-01 8.214569320016117393e-01 8.724946053255765444e-01
7.530000000000000249e+00 8.049062499861409092e-01 8.196093226652011454e-01 8.669453985513201344e-01
7.550000000000000711e+00 8.029008388760805470e-01 8.157891785588949896e-01 8.631024257358068663e-01
7.570000000000000284e+00 8.022991123854990025e-01 8.162221560521913943e-01 8.559289805434526777e-01
7.589999999999999858e+00 8.025927087999779053e-01 8.224342976582328379e-01 8.626371098208321930e-01
7.610000000000000320e+00 7.986369361890551799e-01 8.201143561542809657e-01 8.586721822336939036e-01
7.630000000000000782e+00 7.983205307560019559e-01 8.230481210109967805e-01 8.523832743104717835e-01
7.650000000000000355e+00 7.915139111452447196e-01 8.134658700726993263e-01 8.550677493504102999e-01
7.669999999999999929e+00 7.881817261271258923e-01 8.155278635315997837e-01 8.363343208625889647e-01
7.689999999999999503e+00 7.854781985384069465e-01 8.131536156090846124e-01 8.373134560064595666e-01
7.709999999999999964e+00 7.808669219097957859e-01 8.110027243750390635e-01 8.384907182178666929e-01
7.730000000000000426e+00 7.762129902548147165e-01 8.063826244918537167e-01 8.344304355320799615e-01
7.750000000000000000e+00 7.724748773319669581e-01 8.053395598386547949e-01 8.217644136107280506e-01
7.769999999999999574e+00 7.691351396025553067e-01 7.997018663306665331e-01 8.239699233917907595e-01
7.790000000000000036e+00 7.652203314297866266e-01 7.995955651074816428e-01 8.188305125485464409e-01
7.810000000000000497e+00 7.659721733680578959e-01 7.945687738405627920e-01 8.176908206006912039e-01
7.830000000000000071e+00 7.619474980123496222e-01 7.924353817636826669e-01 8.224054933703244252e-01
7.849999999999999645e+00 7.568076621312137542e-01 7.911001667571883056e-01 8.002199170404123985e-01
7.870000000000000107e+00 7.603470833581754684e-01 7.832264281392291583e-01 8.018466190532149707e-01
7.890000000000000568e+00 7.555254129650350592e-01 7.772079828903157850e-01 8.036561912268175289e-01
7.910000000000000142e+00 7.516429526089423163e-01 7.779486300905019691e-01 7.917760325690591516e-01
7.929999999999999716e+00 7.460839165370065640e-01 7.738312486666000245e-01 7.829624695369192811e-01
7.950000000000000178e+00 7.430373390818173496e-01 7.712686617663393474e-01 7.744081278801846491e-01
7.970000000000000639e+00 7.448302490760374539e-01 7.673754020988459157e-01 7.765354953588272657e-01
7.990000000000000213e+00 7.455362354572261374e-01 7.696141199916021192e-01 7.667504217184701876e-01
