r_A g_B_B g_B_Fe g_Fe_Fe
1.000000000000000021e-02 0.000000000000000000e+00 0.000000000000000000e+00 0.000000000000000000e+00
2.999999999999999889e-02 0.000000000000000000e+00 0.000000000000000000e+00 0.000000000000000000e+00
5.000000000000000278e-02 0.000000000000000000e+00 0.000000000000000000e+00 0.000000000000000000e+00
7.000000000000000666e-02 0.000000000000000000e+00 0.000000000000000000e+00 0.000000000000000000e+00
8.999999999999999667e-02 0.000000000000000000e+00 0.000000000000000000e+00 0.000000000000000000e+00
1.100000000000000006e-01 0.000000000000000000e+00 0.000000000000000000e+00 0.000000000000000000e+00
1.300000000000000044e-01 0.000000000000000000e+00 0.000000000000000000e+00 0.000000000000000000e+00
1.500000000000000222e-01 0.000000000000000000e+00 0.000000000000000000e+00 0.000000000000000000e+00
1.699999999999999845e-01 0.000000000000000000e+00 0.000000000000000000e+00 0.000000000000000000e+00
1.900000000000000022e-01 0.000000000000000000e+00 0.000000000000000000e+00 0.000000000000000000e+00
2.100000000000000200e-01 0.000000000000000000e+00 0.000000000000000000e+00 0.000000000000000000e+00
2.299999999999999822e-01 0.000000000000000000e+00 0.000000000000000000e+00 0.000000000000000000e+00
2.500000000000000000e-01 0.000000000000000000e+00 0.000000000000000000e+00 0.000000000000000000e+00
2.700000000000000178e-01 0.000000000000000000e+00 0.000000000000000000e+00 0.000000000000000000e+00
2.900000000000000355e-01 0.000000000000000000e+00 0.000000000000000000e+00 0.000000000000000000e+00
3.099999999999999978e-01 0.000000000000000000e+00 0.000000000000000000e+00 0.000000000000000000e+00
3.300000000000000155e-01 0.000000000000000000e+00 0.000000000000000000e+00 0.000000000000000000e+00
3.499999999999999778e-01 0.000000000000000000e+00 0.000000000000000000e+00 0.000000000000000000e+00
3.699999999999999956e-01 0.000000000000000000e+00 0.000000000000000000e+00 0.000000000000000000e+00
3.900000000000000133e-01 0.000000000000000000e+00 0.000000000000000000e+00 0.000000000000000000e+00
4.100000000000000311e-01 0.000000000000000000e+00 0.000000000000000000e+00 0.000000000000000000e+00
4.299999999999999933e-01 0.000000000000000000e+00 0.000000000000000000e+00 0.000000000000000000e+00
4.500000000000000111e-01 0.000000000000000000e+00 0.000000000000000000e+00 0.000000000000000000e+00
4.699999999999999734e-01 0.000000000000000000e+00 0.000000000000000000e+00 0.000000000000000000e+00
4.899999999999999911e-01 0.000000000000000000e+00 0.000000000000000000e+00 0.000000000000000000e+00
5.100000000000000089e-01 0.000000000000000000e+00 0.000000000000000000e+00 0.000000000000000000e+00
5.300000000000000266e-01 0.000000000000000000e+00 0.000000000000000000e+00 0.000000000000000000e+00
5.500000000000000444e-01 0.000000000000000000e+00 0.000000000000000000e+00 0.000000000000000000e+00
5.700000000000000622e-01 0.000000000000000000e+00 0.000000000000000000e+00 0.000000000000000000e+00
5.899999999999999689e-01 0.000000000000000000e+00 0.000000000000000000e+00 0.000000000000000000e+00
6.099999999999999867e-01 0.000000000000000000e+00 0.000000000000000000e+00 0.000000000000000000e+00
6.300000000000000044e-01 0.000000000000000000e+00 0.000000000000000000e+00 0.000000000000000000e+00
6.500000000000000222e-01 0.000000000000000000e+00 0.000000000000000000e+00 0.000000000000000000e+00
6.700000000000000400e-01 0.000000000000000000e+00 0.000000000000000000e+00 0.000000000000000000e+00
6.900000000000000577e-01 0.000000000000000000e+00 0.000000000000000000e+00 0.000000000000000000e+00
7.099999999999999645e-01 0.000000000000000000e+00 0.000000000000000000e+00 0.000000000000000000e+00
7.299999999999999822e-01 0.000000000000000000e+00 0.000000000000000000e+00 0.000000000000000000e+00
7.500000000000000000e-01 0.000000000000000000e+00 0.000000000000000000e+00 0.000000000000000000e+00
7.700000000000000178e-01 0.000000000000000000e+00 0.000000000000000000e+00 0.000000000000000000e+00
7.900000000000000355e-01 0.000000000000000000e+00 0.000000000000000000e+00 0.000000000000000000e+00
8.100000000000000533e-01 0.000000000000000000e+00 0.000000000000000000e+00 0.000000000000000000e+00
8.300000000000000711e-01 0.000000000000000000e+00 0.000000000000000000e+00 0.000000000000000000e+00
8.499999999999999778e-01 0.000000000000000000e+00 0.000000000000000000e+00 0.000000000000000000e+00
8.699999999999999956e-01 0.000000000000000000e+00 0.000000000000000000e+00 0.000000000000000000e+00
8.900000000000000133e-01 0.000000000000000000e+00 0.000000000000000000e+00 0.000000000000000000e+00
9.100000000000000311e-01 0.000000000000000000e+00 0.000000000000000000e+00 0.000000000000000000e+00
9.300000000000000488e-01 0.000000000000000000e+00 0.000000000000000000e+00 0.000000000000000000e+00
9.499999999999999556e-01 0.000000000000000000e+00 0.000000000000000000e+00 0.000000000000000000e+00
9.699999999999999734e-01 0.000000000000000000e+00 0.000000000000000000e+00 0.000000000000000000e+00
9.899999999999999911e-01 0.000000000000000000e+00 0.000000000000000000e+00 0.000000000000000000e+00
1.010000000000000009e+00 0.000000000000000000e+00 0.000000000000000000e+00 0.000000000000000000e+00
1.030000000000000027e+00 0.000000000000000000e+00 0.000000000000000000e+00 0.000000000000000000e+00
1.050000000000000044e+00 0.000000000000000000e+00 0.000000000000000000e+00 0.000000000000000000e+00
1.070000000000000062e+00 0.000000000000000000e+00 0.000000000000000000e+00 0.000000000000000000e+00
1.090000000000000080e+00 0.000000000000000000e+00 0.000000000000000000e+00 0.000000000000000000e+00
1.110000000000000098e+00 0.000000000000000000e+00 0.000000000000000000e+00 0.000000000000000000e+00
1.130000000000000115e+00 0.000000000000000000e+00 0.000000000000000000e+00 0.000000000000000000e+00
1.149999999999999911e+00 0.000000000000000000e+00 0.000000000000000000e+00 0.000000000000000000e+00
1.169999999999999929e+00 0.000000000000000000e+00 0.000000000000000000e+00 0.000000000000000000e+00
1.189999999999999947e+00 0.000000000000000000e+00 0.000000000000000000e+00 0.000000000000000000e+00
1.209999999999999964e+00 0.000000000000000000e+00 0.000000000000000000e+00 0.000000000000000000e+00
1.229999999999999982e+00 0.000000000000000000e+00 0.000000000000000000e+00 0.000000000000000000e+00
1.250000000000000000e+00 0.000000000000000000e+00 0.000000000000000000e+00 0.000000000000000000e+00
1.270000000000000018e+00 0.000000000000000000e+00 0.000000000000000000e+00 0.000000000000000000e+00
1.290000000000000036e+00 0.000000000000000000e+00 0.000000000000000000e+00 0.000000000000000000e+00
1.310000000000000053e+00 0.000000000000000000e+00 0.000000000000000000e+00 0.000000000000000000e+00
1.330000000000000071e+00 0.000000000000000000e+00 0.000000000000000000e+00 0.000000000000000000e+00
1.350000000000000089e+00 0.000000000000000000e+00 0.000000000000000000e+00 0.000000000000000000e+00
1.370000000000000107e+00 0.000000000000000000e+00 0.000000000000000000e+00 0.000000000000000000e+00
1.390000000000000124e+00 5.192938635386610755e-03 0.000000000000000000e+00 0.000000000000000000e+00
1.410000000000000142e+00 0.000000000000000000e+00 0.000000000000000000e+00 0.000000000000000000e+00
1.429999999999999938e+00 1.962596955477271393e-02 0.000000000000000000e+00 0.000000000000000000e+00
1.449999999999999956e+00 3.340453525002932966e-02 0.000000000000000000e+00 0.000000000000000000e+00
1.469999999999999973e+00 7.428975012316886561e-02 0.000000000000000000e+00 0.000000000000000000e+00
1.489999999999999991e+00 1.400983176221849980e-01 0.000000000000000000e+00 0.000000000000000000e+00
1.510000000000000009e+00 2.200189280316565410e-01 0.000000000000000000e+00 0.000000000000000000e+00
1.530000000000000027e+00 2.485931923672883015e-01 0.000000000000000000e+00 0.000000000000000000e+00
1.550000000000000044e+00 4.719101357172307276e-01 0.000000000000000000e+00 0.000000000000000000e+00
1.570000000000000062e+00 6.675579216489166967e-01 0.000000000000000000e+00 0.000000000000000000e+00
1.590000000000000080e+00 1.031866841358612730e+00 4.805870204644978653e-04 0.000000000000000000e+00
1.610000000000000098e+00 1.192185027505756389e+00 0.000000000000000000e+00 0.000000000000000000e+00
1.630000000000000115e+00 1.465214985746488452e+00 1.371868895723494337e-03 0.000000000000000000e+00
1.650000000000000133e+00 1.536785070775570583e+00 8.925422885574556958e-03 0.000000000000000000e+00
1.669999999999999929e+00 1.676478805501310898e+00 1.176244601834594387e-02 0.000000000000000000e+00
1.689999999999999947e+00 1.914557032917982626e+00 2.977772908136478922e-02 0.000000000000000000e+00
1.709999999999999964e+00 2.010715974032963871e+00 4.695191217628429808e-02 0.000000000000000000e+00
1.729999999999999982e+00 2.118704157336159355e+00 8.078450075780510553e-02 0.000000000000000000e+00
1.750000000000000000e+00 2.103315815115097021e+00 1.329033704486117518e-01 0.000000000000000000e+00
1.770000000000000018e+00 1.883113324000832423e+00 2.067036129654666043e-01 0.000000000000000000e+00
1.790000000000000036e+00 1.878845002672894671e+00 3.181437478809855945e-01 0.000000000000000000e+00
1.810000000000000053e+00 1.764051251022064504e+00 4.568999930761356576e-01 0.000000000000000000e+00
1.830000000000000071e+00 1.477034708218975423e+00 6.055107344109865730e-01 0.000000000000000000e+00
1.850000000000000089e+00 1.533219329903680928e+00 8.456021582124417790e-01 0.000000000000000000e+00
1.870000000000000107e+00 1.403045612204006254e+00 1.050670276316880036e+00 3.501796529823366006e-04
1.890000000000000124e+00 1.345420795551506732e+00 1.276506162063288929e+00 1.028423174808820728e-03
1.910000000000000142e+00 1.119370842531819843e+00 1.567303965118212572e+00 1.006998475066831628e-03
1.929999999999999938e+00 1.082823898546215080e+00 1.849750507116013409e+00 2.465590907783868618e-03
1.949999999999999956e+00 9.129633690811054247e-01 2.066340287925315877e+00 4.669530681374955451e-03
1.969999999999999973e+00 9.281294424631181261e-01 2.321383990814162690e+00 6.152855130929684238e-03
1.989999999999999991e+00 8.056892985890427017e-01 2.564274836451255979e+00 1.159577340674691932e-02
2.009999999999999787e+00 7.003315534747737159e-01 2.804905867368071348e+00 2.258077459582835678e-02
2.030000000000000249e+00 6.038184454594779371e-01 3.014080062466912402e+00 3.580714698713933358e-02
2.049999999999999822e+00 5.467321327540145548e-01 3.128153861359708188e+00 5.448898280051969051e-02
2.070000000000000284e+00 5.338768154621856832e-01 3.132648073842058789e+00 8.659181046477966437e-02
2.089999999999999858e+00 4.272355093056399156e-01 3.268240386940916675e+00 1.414306525227656819e-01
2.110000000000000320e+00 4.033993113115613705e-01 3.322559904673668019e+00 1.943221311901240367e-01
2.129999999999999893e+00 4.002823684584330688e-01 3.239301653035851380e+00 2.704478820432387187e-01
2.150000000000000355e+00 3.472883498936217839e-01 3.256328524702015503e+00 3.745826163690204047e-01
2.169999999999999929e+00 2.876481003009109250e-01 3.220060678368531715e+00 4.571667007932056492e-01
2.190000000000000391e+00 2.782343057128372488e-01 3.073104770931484708e+00 5.869836224571731709e-01
2.209999999999999964e+00 2.629497377076684406e-01 3.009525870678976034e+00 7.275924059933978061e-01
2.230000000000000426e+00 2.743952283586519325e-01 2.842176885236161077e+00 8.785985241516260924e-01
2.250000000000000000e+00 2.358464531086166827e-01 2.739795048888096662e+00 1.041076462633629074e+00
2.270000000000000462e+00 2.141847003439505959e-01 2.561340212888004064e+00 1.197717164700742742e+00
2.290000000000000036e+00 2.142863863548696846e-01 2.457716572964086854e+00 1.388213919195400381e+00
2.310000000000000053e+00 2.087116011083726130e-01 2.314703907759680046e+00 1.583321857390353582e+00
2.330000000000000071e+00 1.829662426694828870e-01 2.206207300635599111e+00 1.695653806064698621e+00
2.349999999999999645e+00 1.762315544856841998e-01 2.061452143663689895e+00 1.874128665228634860e+00
2.370000000000000107e+00 1.911326107459930534e-01 1.892046777601174457e+00 1.998182510028857495e+00
2.389999999999999680e+00 1.826775955650033478e-01 1.766073255531209529e+00 2.147315801608209451e+00
2.410000000000000142e+00 1.485635119447049901e-01 1.675590736327658092e+00 2.251712485563670985e+00
2.429999999999999716e+00 1.954038540208088426e-01 1.545243588810613522e+00 2.319318651298542200e+00
2.450000000000000178e+00 2.022558414361029511e-01 1.441784578868481770e+00 2.429307586205968761e+00
2.469999999999999751e+00 1.809033833990996987e-01 1.332100308176630055e+00 2.527616518306754934e+00
2.490000000000000213e+00 2.022829448973871291e-01 1.243376370205986792e+00 2.506827232170477870e+00
2.509999999999999787e+00 2.134053688718096919e-01 1.136086225184782972e+00 2.544785037918060766e+00
2.530000000000000249e+00 2.351246914993246340e-01 1.053468832616114126e+00 2.538476521696604760e+00
2.549999999999999822e+00 2.067628428830182441e-01 9.919782508991440428e-01 2.536006773246235468e+00
2.570000000000000284e+00 2.081145347085628927e-01 9.103764769745956720e-01 2.542576142272264583e+00
2.589999999999999858e+00 2.138871210759165920e-01 8.547129877369643580e-01 2.486300871666584644e+00
2.610000000000000320e+00 2.282962837610348350e-01 8.191912744644025413e-01 2.427580444134574300e+00
2.629999999999999893e+00 2.698047790034508453e-01 7.472327668493995434e-01 2.393366671487958453e+00
2.650000000000000355e+00 2.428876291578687674e-01 7.102174919229004013e-01 2.353017501240035170e+00
2.669999999999999929e+00 2.885224366787816908e-01 6.730302624958030000e-01 2.280709741560943637e+00
2.690000000000000391e+00 3.341648500572751423e-01 6.424072258475932440e-01 2.214684176392434534e+00
2.709999999999999964e+00 3.196874505019996482e-01 6.071521308028278163e-01 2.149268260752643211e+00
2.730000000000000426e+00 3.567540574239678186e-01 5.565552611056634458e-01 2.083635031286340311e+00
2.750000000000000000e+00 3.953659334982165263e-01 5.386891939178537481e-01 1.982353361866636687e+00
2.770000000000000462e+00 3.844467459124525921e-01 5.132035104242392842e-01 1.896137519869318000e+00
2.790000000000000036e+00 4.124677481530637513e-01 4.924488294447078029e-01 1.838531345381527293e+00
2.810000000000000053e+00 4.739632210616151475e-01 4.580747715117424734e-01 1.741813086465973770e+00
2.830000000000000071e+00 5.098823917044766896e-01 4.584498063158288228e-01 1.668888501122919310e+00
2.849999999999999645e+00 5.126333756732003311e-01 4.376781153408633163e-01 1.605445568199046491e+00
2.870000000000000107e+00 5.749455690186112689e-01 4.234865812717283906e-01 1.522417865721235941e+00
2.889999999999999680e+00 5.754245387784437948e-01 4.294285816209946760e-01 1.459047361031543533e+00
2.910000000000000142e+00 6.007178756286564170e-01 4.183808947032794379e-01 1.382663832351222144e+00
2.929999999999999716e+00 6.720184573764501623e-01 4.034895603355165283e-01 1.322986011346548585e+00
2.950000000000000178e+00 6.836900847703332174e-01 3.969201770727750489e-01 1.246079217618901502e+00
2.969999999999999751e+00 7.325235833684944353e-01 3.947604709818837154e-01 1.184097037674161745e+00
2.990000000000000213e+00 8.450866943869084214e-01 4.096106729506256983e-01 1.155844789807182416e+00
3.009999999999999787e+00 8.593645132807561371e-01 4.032467271791057017e-01 1.080795713146038617e+00
3.030000000000000249e+00 8.874001117895656821e-01 4.031021155126308098e-01 1.019558396154643276e+00
3.049999999999999822e+00 9.124717167440802301e-01 3.936534167325388966e-01 9.714789344795806691e-01
3.070000000000000284e+00 9.293648449811586776e-01 4.047840331940233960e-01 9.311230529547041002e-01
3.089999999999999858e+00 9.657113151665340789e-01 4.206843794467383657e-01 8.739003536362177638e-01
3.110000000000000320e+00 1.014534601708676931e+00 4.244611331894733719e-01 8.392111525618938250e-01
3.129999999999999893e+00 1.089686972608736149e+00 4.349282579046640507e-01 8.003971286561684106e-01
3.150000000000000355e+00 1.087016612663313175e+00 4.482798051881249912e-01 7.586723069649499163e-01
3.169999999999999929e+00 1.207137160592209213e+00 4.563036502478947654e-01 7.377355512038380470e-01
3.190000000000000391e+00 1.188104229337817896e+00 4.731657445761118796e-01 6.943385614456029087e-01
3.209999999999999964e+00 1.182108936882028782e+00 4.964124194053531891e-01 6.538639251140648812e-01
3.230000000000000426e+00 1.191557920371591361e+00 5.230083649618316732e-01 6.372233336530547243e-01
3.250000000000000000e+00 1.187386765886137674e+00 5.254483285737637788e-01 6.159564173283296196e-01
3.270000000000000462e+00 1.229206137793896092e+00 5.515373460710863984e-01 5.922975250489015409e-01
3.290000000000000036e+00 1.258800539207389546e+00 5.690977101758831758e-01 5.619262075584062766e-01
3.310000000000000497e+00 1.267444832012467160e+00 5.936246775612038507e-01 5.580062014658232483e-01
3.330000000000000071e+00 1.294792409949526713e+00 6.278224793067959109e-01 5.268632480561062925e-01
3.349999999999999645e+00 1.295471207761126564e+00 6.534770491271745252e-01 5.239191707721763125e-01
3.370000000000000107e+00 1.244801779065121350e+00 6.819036182925419798e-01 5.171798945246851575e-01
3.389999999999999680e+00 1.320083548552245079e+00 7.225141061481762383e-01 4.984686186204584923e-01
3.410000000000000142e+00 1.258912577813579903e+00 7.344386988974729302e-01 4.916382012682714575e-01
3.429999999999999716e+00 1.320175805941035785e+00 7.872423722881951580e-01 4.746803461230567622e-01
3.450000000000000178e+00 1.326830986195878914e+00 7.888596075409352038e-01 4.746969536452135818e-01
3.469999999999999751e+00 1.331578906143366270e+00 8.204569937553840564e-01 4.715798119238375219e-01
3.490000000000000213e+00 1.262816931203142312e+00 8.606570015773870042e-01 4.741328157803255117e-01
3.509999999999999787e+00 1.325019984808449625e+00 8.834208852117991784e-01 4.760505053367206085e-01
3.530000000000000249e+00 1.270593736175783972e+00 8.888444319063188992e-01 4.763712094934165475e-01
3.549999999999999822e+00 1.301697844945547633e+00 9.303395219692772722e-01 4.763629854564581656e-01
3.570000000000000284e+00 1.280855886431050639e+00 9.416802585067025610e-01 4.853567234500014149e-01
3.589999999999999858e+00 1.238598195350050890e+00 9.584618150333956699e-01 4.982066415834572881e-01
3.610000000000000320e+00 1.275725620049384501e+00 9.874940093034628719e-01 5.056217393307746999e-01
3.629999999999999893e+00 1.293687297270920800e+00 1.026249191108248970e+00 5.167002881676947545e-01
3.650000000000000355e+00 1.241139722829077918e+00 1.044764005154511066e+00 5.279659038057029630e-01
3.669999999999999929e+00 1.233608669387152412e+00 1.049915813691001620e+00 5.444564052820899391e-01
3.690000000000000391e+00 1.251958309528819813e+00 1.065424166534078232e+00 5.528250049563278035e-01
3.709999999999999964e+00 1.276402243155576155e+00 1.090689270437739111e+00 5.769515843652467391e-01
3.730000000000000426e+00 1.231741136700440720e+00 1.086971100574096294e+00 5.970096812531386909e-01
3.750000000000000000e+00 1.241469250223049547e+00 1.108671282293298699e+00 6.299313178557324200e-01
3.770000000000000462e+00 1.255157776999894947e+00 1.129167145687175688e+00 6.362321876564993595e-01
3.790000000000000036e+00 1.167205447475304858e+00 1.126078110481655958e+00 6.733966428651575464e-01
3.810000000000000497e+00 1.218573269726357156e+00 1.142911935314261607e+00 6.945210731961213302e-01
3.830000000000000071e+00 1.334470624687770224e+00 1.135810693968327234e+00 7.174643758303828056e-01
3.849999999999999645e+00 1.236705793605793469e+00 1.143467391139901590e+00 7.488583531591528342e-01
3.870000000000000107e+00 1.254103071290113336e+00 1.152446904950353179e+00 7.643588469543382002e-01
3.889999999999999680e+00 1.261795320999306691e+00 1.132517556743365850e+00 8.024437884937242194e-01
3.910000000000000142e+00 1.210198857705536257e+00 1.151717261265267744e+00 8.186456184359620636e-01
3.929999999999999716e+00 1.251831744139622060e+00 1.147340720753941001e+00 8.495014646815522985e-01
3.950000000000000178e+00 1.252691461172745546e+00 1.162617085180677412e+00 8.693320548029827011e-01
3.969999999999999751e+00 1.310764583171326603e+00 1.174367520377365359e+00 8.994817623427926456e-01
3.990000000000000213e+00 1.256691671662570675e+00 1.176284813023819042e+00 9.197161007829597335e-01
4.009999999999999787e+00 1.272265832021473253e+00 1.179390016806489916e+00 9.461664312220260387e-01
4.030000000000000249e+00 1.292411995346671061e+00 1.171902357045203180e+00 9.661288488836577981e-01
4.050000000000000711e+00 1.277232170820159052e+00 1.161838078788652640e+00 1.004278558425452328e+00
4.070000000000000284e+00 1.255019120245066011e+00 1.175312232042965865e+00 1.009328562129947704e+00
4.089999999999999858e+00 1.258369797465250794e+00 1.169293219083624269e+00 1.019795454056619199e+00
4.109999999999999432e+00 1.284760874525652463e+00 1.169017592217888923e+00 1.055021257675947455e+00
4.129999999999999893e+00 1.220583325358847615e+00 1.185645506341375555e+00 1.063601557576949741e+00
4.150000000000000355e+00 1.274095649303617295e+00 1.170858928891345130e+00 1.083237498121249143e+00
4.169999999999999929e+00 1.209396255183410318e+00 1.200669099477468249e+00 1.089491144328562866e+00
4.189999999999999503e+00 1.222453076107574255e+00 1.199199892594656092e+00 1.105690183867240162e+00
4.209999999999999964e+00 1.243133044878878213e+00 1.188724303542986638e+00 1.106747765485126989e+00
4.230000000000000426e+00 1.184863270164468352e+00 1.203109526672671903e+00 1.115366783635364234e+00
4.250000000000000000e+00 1.225397895654695812e+00 1.199750153830835941e+00 1.134283196790000003e+00
4.269999999999999574e+00 1.141307028230319931e+00 1.209928096106021034e+00 1.143663104193691549e+00
4.290000000000000036e+00 1.166671761111136130e+00 1.206727122447913692e+00 1.149691960717157402e+00
4.310000000000000497e+00 1.148847686271102564e+00 1.216222056653563532e+00 1.160767668400737307e+00
4.330000000000000071e+00 1.139329599170178620e+00 1.212465067253360340e+00 1.164960859713010999e+00
4.349999999999999645e+00 1.104486150926221377e+00 1.210651849884351483e+00 1.172425528531002348e+00
4.370000000000000107e+00 1.069705984111451347e+00 1.219000503290071036e+00 1.156845163900182438e+00
4.390000000000000568e+00 1.037074190303425958e+00 1.216177491919723019e+00 1.172189317396053143e+00
4.410000000000000142e+00 9.915753997098475381e-01 1.228848797397474435e+00 1.179463448524566527e+00
4.429999999999999716e+00 9.816198280387625763e-01 1.206139001842013059e+00 1.167121781250167079e+00
4.450000000000000178e+00 9.657226711520392470e-01 1.215998381358271097e+00 1.187449862796945865e+00
4.470000000000000639e+00 9.596109608870639907e-01 1.217302800002336927e+00 1.185182621912404421e+00
4.490000000000000213e+00 9.416250763164003557e-01 1.210279214827573169e+00 1.181207807103664464e+00
4.509999999999999787e+00 8.834705437119719784e-01 1.188577879070273458e+00 1.187551591091295489e+00
4.530000000000000249e+00 8.835097097211807027e-01 1.202144039524127850e+00 1.196422847449552185e+00
4.550000000000000711e+00 8.781829165054196862e-01 1.186903952826584785e+00 1.204855978625591018e+00
4.570000000000000284e+00 8.340016525898463762e-01 1.181424774050961801e+00 1.196238872056945457e+00
4.589999999999999858e+00 8.548475638333227211e-01 1.165211624836397064e+00 1.199670267898829135e+00
4.610000000000000320e+00 8.290338496654263700e-01 1.179420597853186869e+00 1.208038994381414266e+00
4.629999999999999893e+00 8.504377966482297158e-01 1.160864997848916280e+00 1.192512367291591380e+00
4.650000000000000355e+00 8.245768468763452486e-01 1.143090027689245058e+00 1.196462908426407790e+00
4.669999999999999929e+00 7.917657825248002323e-01 1.145186438192216993e+00 1.204681815612964169e+00
4.689999999999999503e+00 8.019047958704768053e-01 1.112406634859176346e+00 1.204533620415557005e+00
4.709999999999999964e+00 8.068683250939291396e-01 1.110482778665697445e+00 1.220297173361629239e+00
4.730000000000000426e+00 7.758423071575601959e-01 1.104098510547851353e+00 1.214815939711948234e+00
4.750000000000000000e+00 7.906680311008910111e-01 1.076888440893525534e+00 1.200184146298671317e+00
4.769999999999999574e+00 7.959578963973704679e-01 1.061201976991547280e+00 1.202492432777281461e+00
4.790000000000000036e+00 7.779551747643645987e-01 1.057336372721072282e+00 1.207762556703172008e+00
4.810000000000000497e+00 7.927489885554180882e-01 1.030076658502181663e+00 1.200783062690731651e+00
4.830000000000000071e+00 7.345870500796369829e-01 1.014636938760601570e+00 1.195504730245235958e+00
4.849999999999999645e+00 7.630913516473631919e-01 9.952841691012864755e-01 1.199330676392496464e+00
4.870000000000000107e+00 8.118330461823665134e-01 9.752410856594122546e-01 1.194482649292578635e+00
4.890000000000000568e+00 8.022686983981204278e-01 9.744442624588406376e-01 1.189059121320964030e+00
4.910000000000000142e+00 8.219658963594256296e-01 9.510499828642419162e-01 1.189195320507471676e+00
4.929999999999999716e+00 8.268691686849151123e-01 9.436491516928136036e-01 1.175258516876633852e+00
4.950000000000000178e+00 8.165155292143150279e-01 9.253780814947244471e-01 1.171078203681415575e+00
4.970000000000000639e+00 8.233617143883136258e-01 9.193226283058512083e-01 1.161845517192194421e+00
4.990000000000000213e+00 8.538460383551318422e-01 9.106506367767768229e-01 1.155550700375208573e+00
5.009999999999999787e+00 8.194606733512187491e-01 8.963272712305275780e-01 1.153661192288889970e+00
5.030000000000000249e+00 8.482512844541520991e-01 8.781206401454166866e-01 1.145690989384712255e+00
5.050000000000000711e+00 8.828558769561589692e-01 8.760384807917729333e-01 1.125086104751344296e+00
5.070000000000000284e+00 8.501424009970283135e-01 8.628541010894179575e-01 1.119371372788448671e+00
5.089999999999999858e+00 8.585781923713108332e-01 8.475515790491916501e-01 1.111466442138118405e+00
5.110000000000000320e+00 8.553287871372913242e-01 8.495846284930481662e-01 1.106370699765887311e+00
5.129999999999999893e+00 9.020481987714545902e-01 8.414034121092145435e-01 1.101529870832556490e+00
5.150000000000000355e+00 8.924075187012926458e-01 8.281011090876375658e-01 1.077546937230698054e+00
5.169999999999999929e+00 8.945254440028627130e-01 8.226611119985252074e-01 1.062170822609978416e+00
5.189999999999999503e+00 9.669849584693859246e-01 8.123185243363143515e-01 1.057296271296843893e+00
5.209999999999999964e+00 9.536609718721444917e-01 8.112413624644686516e-01 1.055487695752617361e+00
5.230000000000000426e+00 9.460143382107970567e-01 8.068254677459301138e-01 1.033126981662319643e+00
5.250000000000000000e+00 9.359081480212986248e-01 8.123273651786612204e-01 1.019628153985475905e+00
5.269999999999999574e+00 9.674735591184822070e-01 8.114230635187404950e-01 1.014637418651051615e+00
5.290000000000000036e+00 9.974601360547732387e-01 8.118117001349606232e-01 9.953618262053980370e-01
5.310000000000000497e+00 1.032661857498888391e+00 8.057940628124273807e-01 9.889636852796517275e-01
5.330000000000000071e+00 1.005854911759342274e+00 8.172502177694443981e-01 9.718572237561984295e-01
5.349999999999999645e+00 1.005709985293136377e+00 8.131888994369763646e-01 9.567325386079971183e-01
5.370000000000000107e+00 1.001711996978668529e+00 8.152324596156268477e-01 9.506172414624769473e-01
5.390000000000000568e+00 1.007415628794347429e+00 8.168469637978195141e-01 9.394238642189499666e-01
5.410000000000000142e+00 1.019863922318382077e+00 8.280462124645848743e-01 9.302315622614142354e-01
5.429999999999999716e+00 1.080082814415214587e+00 8.353087594780508329e-01 9.177225990381029375e-01
5.450000000000000178e+00 1.058658244103658497e+00 8.398246608523187717e-01 9.152870247045419294e-01
5.470000000000000639e+00 1.060320145299155081e+00 8.544851722399730010e-01 8.980675894847950369e-01
5.490000000000000213e+00 1.063261347247538069e+00 8.404503692123910241e-01 8.844058781640480316e-01
5.509999999999999787e+00 1.098849610980652258e+00 8.582916539094956887e-01 8.803163906437814212e-01
5.530000000000000249e+00 1.095837137634348979e+00 8.731913909744106750e-01 8.808877969726581769e-01
5.550000000000000711e+00 1.101308568562615386e+00 8.821744563056770350e-01 8.677325185747380987e-01
5.570000000000000284e+00 1.060103762577818687e+00 8.830955604003299930e-01 8.643146123053739860e-01
5.589999999999999858e+00 1.126061137711520610e+00 8.890355731917772841e-01 8.500486206762555286e-01
5.610000000000000320e+00 1.138131169341076721e+00 8.940964792762154945e-01 8.418779278788889320e-01
5.629999999999999893e+00 1.107901324539746879e+00 9.198387841901675133e-01 8.475551062551984760e-01
5.650000000000000355e+00 1.148789125393075983e+00 9.230436152744736500e-01 8.388417680294770751e-01
5.669999999999999929e+00 1.146940950193505726e+00 9.361576345605266969e-01 8.407429190824698972e-01
5.689999999999999503e+00 1.116269380749268514e+00 9.531177359153409911e-01 8.420482299119130820e-01
5.709999999999999964e+00 1.118310869637891392e+00 9.544272816070186183e-01 8.435775635105868808e-01
5.730000000000000426e+00 1.126102936585801295e+00 9.669079169474661395e-01 8.362630811952402876e-01
5.750000000000000000e+00 1.109178742554500552e+00 9.832711654096003562e-01 8.406225268395528527e-01
5.769999999999999574e+00 1.130132827467681844e+00 9.761381030648668133e-01 8.392740121489591365e-01
5.790000000000000036e+00 1.134011162891832791e+00 9.917313329936737754e-01 8.430013687640915965e-01
5.810000000000000497e+00 1.094413330137142371e+00 1.003199834567930049e+00 8.402185186126960303e-01
5.830000000000000071e+00 1.114370749947418693e+00 1.012629069474157317e+00 8.467491839910484819e-01
5.849999999999999645e+00 1.115852812575953701e+00 1.032379386622049422e+00 8.506484129021452123e-01
5.870000000000000107e+00 1.096032105209289620e+00 1.020384615017412733e+00 8.567316399548664529e-01
5.890000000000000568e+00 1.094096473184905216e+00 1.031082848307954380e+00 8.544354401712821456e-01
5.910000000000000142e+00 1.089289296186674916e+00 1.053648878628450358e+00 8.657010556089634878e-01
5.929999999999999716e+00 1.115051792790267893e+00 1.055640573201957588e+00 8.673410136826572581e-01
5.950000000000000178e+00 1.070441475795985475e+00 1.054252757794178486e+00 8.836745111729268354e-01
5.970000000000000639e+00 1.093684956168462064e+00 1.060768619504017352e+00 8.754273159046255248e-01
5.990000000000000213e+00 1.049481530137396090e+00 1.068799493329841477e+00 8.956828149917863691e-01
6.009999999999999787e+00 1.097230912301075056e+00 1.068559895295802420e+00 8.959186223678416994e-01
6.030000000000000249e+00 1.028429803868642578e+00 1.070438493358106813e+00 9.055445347960729974e-01
6.050000000000000711e+00 1.097572476063957359e+00 1.068152868542711964e+00 9.151910687127791100e-01
6.070000000000000284e+00 1.076735851038216563e+00 1.076953916258426514e+00 9.162824652809865578e-01
6.089999999999999858e+00 1.058313056719636380e+00 1.073495491860999795e+00 9.230683319727287506e-01
6.110000000000000320e+00 1.047095814472444264e+00 1.077479541338387081e+00 9.332720350313555846e-01
6.130000000000000782e+00 1.032531052208431666e+00 1.073467156925707267e+00 9.344429254534849516e-01
6.150000000000000355e+00 1.033254085981166526e+00 1.073274651263857127e+00 9.503910414876308721e-01
6.169999999999999929e+00 1.022085859903883120e+00 1.068466250880092394e+00 9.515736899335289767e-01
6.189999999999999503e+00 1.021252693156245117e+00 1.062873036537488547e+00 9.604393942829347885e-01
6.209999999999999964e+00 9.975135791685592057e-01 1.055376245155028592e+00 9.620743729653843390e-01
6.230000000000000426e+00 9.600983354848880991e-01 1.047922354856051452e+00 9.595512961324887957e-01
6.250000000000000000e+00 9.912076767870784400e-01 1.038986924131559908e+00 9.568996911124051374e-01
6.269999999999999574e+00 1.017307223166013408e+00 1.036881406655532523e+00 9.605544171587183655e-01
6.290000000000000036e+00 9.951249739844694187e-01 1.010920466974504661e+00 9.704574172071331883e-01
6.310000000000000497e+00 9.442236949139519719e-01 1.005346161754075984e+00 9.646074770427545131e-01
6.330000000000000071e+00 9.510371079205017786e-01 1.012769695338095577e+00 9.727631674134293860e-01
6.349999999999999645e+00 9.216657565397268215e-01 9.873568363794925640e-01 9.581418610904580691e-01
6.370000000000000107e+00 9.361634297179100006e-01 9.712255134007607982e-01 9.529344546350990708e-01
6.390000000000000568e+00 8.760073438030815396e-01 9.574188958630424073e-01 9.502025566948610891e-01
6.410000000000000142e+00 8.749448525328983317e-01 9.476982614774107638e-01 9.503919520164885171e-01
6.429999999999999716e+00 8.942634480821319842e-01 9.382267875619737518e-01 9.537593544902868148e-01
6.450000000000000178e+00 8.831792286010009541e-01 9.264888053107518395e-01 9.383610766929048053e-01
6.470000000000000639e+00 8.367413381927008009e-01 9.108434153560742708e-01 9.334024512871489376e-01
6.490000000000000213e+00 8.532693148411055750e-01 9.099401048608303233e-01 9.287486885597647790e-01
6.509999999999999787e+00 8.525327792870107668e-01 8.888191718048064072e-01 9.173441880546353566e-01
6.530000000000000249e+00 8.221413319166425149e-01 8.672556830749503787e-01 9.178073579669631110e-01
6.550000000000000711e+00 8.232088102152812503e-01 8.622790721063585684e-01 9.016501834502101964e-01
6.570000000000000284e+00 7.931005145766665265e-01 8.485929986504179290e-01 8.938285847261850936e-01
6.589999999999999858e+00 8.102422524729073761e-01 8.449607835498531561e-01 8.896098424929833604e-01
6.610000000000000320e+00 7.727377017389496228e-01 8.265909102315883716e-01 8.809554259423604261e-01
6.630000000000000782e+00 7.852018968654891351e-01 8.150606826601737298e-01 8.750077462546861362e-01
6.650000000000000355e+00 7.727718781222120414e-01 7.977195297815825592e-01 8.584546362923469731e-01
6.669999999999999929e+00 7.467194629292194241e-01 7.914407362607024377e-01 8.512498348129663439e-01
6.689999999999999503e+00 7.411405473465432214e-01 7.867157310160358685e-01 8.420636705843077552e-01
6.709999999999999964e+00 7.202384025448275162e-01 7.685402817996522806e-01 8.345900057437525277e-01
6.730000000000000426e+00 6.920394635309244924e-01 7.589629291274390122e-01 8.237835974670588701e-01
6.750000000000000000e+00 7.240594551095921316e-01 7.513520702913597527e-01 8.194601178887642723e-01
6.769999999999999574e+00 6.965828947495028567e-01 7.392316996637869897e-01 7.981941152742589862e-01
6.790000000000000036e+00 7.059781610178833544e-01 7.277942994010069278e-01 7.986250712521465456e-01
6.810000000000000497e+00 6.953470557612901892e-01 7.195697403446446039e-01 7.837884014086968776e-01
6.830000000000000071e+00 6.712778770840960307e-01 7.083294961307343707e-01 7.736791395478004318e-01
6.849999999999999645e+00 6.780552363186895803e-01 6.974669997756618445e-01 7.640658671237295918e-01
6.870000000000000107e+00 6.556180053858277068e-01 6.850969992518394225e-01 7.555501699155624529e-01
6.890000000000000568e+00 6.583693220139651414e-01 6.819700260657951540e-01 7.385821058751897983e-01
6.910000000000000142e+00 6.453178856095250771e-01 6.727352934356739533e-01 7.282731931265379322e-01
6.929999999999999716e+00 6.332416172235041385e-01 6.615211254819535203e-01 7.171528721086970481e-01
6.950000000000000178e+00 6.331335643869790974e-01 6.524370106744606934e-01 7.107623314962620009e-01
6.970000000000000639e+00 6.350816282617277597e-01 6.465222946367013002e-01 6.971737554235786227e-01
6.990000000000000213e+00 6.088640519861578948e-01 6.344478289597635934e-01 6.868365838789810551e-01
7.009999999999999787e+00 5.892645025706123585e-01 6.203493663569765726e-01 6.747244310295956726e-01
7.030000000000000249e+00 6.131211302402962415e-01 6.063762585351356593e-01 6.605707174230542877e-01
7.050000000000000711e+00 5.688696277610392205e-01 6.061430286174306348e-01 6.529846397460440377e-01
7.070000000000000284e+00 5.957651061137719806e-01 5.954020680250290409e-01 6.426441334482114742e-01
7.089999999999999858e+00 5.534869617900204375e-01 5.829597245957368612e-01 6.333354450807041625e-01
7.110000000000000320e+00 5.797521298638176335e-01 5.824245954038200779e-01 6.268099985754014281e-01
7.130000000000000782e+00 5.682148820163500647e-01 5.701276299353901234e-01 6.176980307255824920e-01
7.150000000000000355e+00 5.744611182838902375e-01 5.624745231347816343e-01 6.061030806062872589e-01
7.169999999999999929e+00 5.593554536866676141e-01 5.546614775325795499e-01 5.927816683707409773e-01
7.189999999999999503e+00 5.564420165153760589e-01 5.453283694102541990e-01 5.878658479891740729e-01
7.209999999999999964e+00 5.547103121253151858e-01 5.402036615571781386e-01 5.743148698183382361e-01
7.230000000000000426e+00 5.399370685199171849e-01 5.268294267786375329e-01 5.667143204442911530e-01
7.250000000000000000e+00 5.384893038949459809e-01 5.215459376623303722e-01 5.551350860024549805e-01
7.269999999999999574e+00 5.334423703527895189e-01 5.107953924966757153e-01 5.476248491543340702e-01
7.290000000000000036e+00 5.369385018070751414e-01 5.088881437118636386e-01 5.358335937218988709e-01
7.310000000000000497e+00 5.334411231537767861e-01 4.993771298379449664e-01 5.250338224450490365e-01
7.330000000000000071e+00 5.090587613488229968e-01 4.959773365745596130e-01 5.198934748484528301e-01
7.349999999999999645e+00 5.139069566250693555e-01 4.868495615060721704e-01 5.072416195632482028e-01
7.370000000000000107e+00 5.066882684551637928e-01 4.747265749808355362e-01 5.008964815301384377e-01
7.390000000000000568e+00 5.010098677905721054e-01 4.721159964817908117e-01 4.924150782205082844e-01
7.410000000000000142e+00 5.081765177266899247e-01 4.633972880444346409e-01 4.832149525564495285e-01
7.429999999999999716e+00 4.989014230273738915e-01 4.647134135415414979e-01 4.764911801121314849e-01
7.450000000000000178e+00 5.047227623314856082e-01 4.564206290195135796e-01 4.648793937048382174e-01
7.470000000000000639e+00 4.937525521908774362e-01 4.421350360018358461e-01 4.567096427122817603e-01
7.490000000000000213e+00 4.886153262310580225e-01 4.420943394905750279e-01 4.578427452107277640e-01
7.509999999999999787e+00 4.821025669069274877e-01 4.361667591632569230e-01 4.415443594865673393e-01
7.530000000000000249e+00 4.731746601435090627e-01 4.347100029220508088e-01 4.369558943986114330e-01
7.550000000000000711e+00 4.675027793404826770e-01 4.187046464936373669e-01 4.279521761521885015e-01
7.570000000000000284e+00 4.690627934708985758e-01 4.213504218780069199e-01 4.222641178866136658e-01
7.589999999999999858e+00 4.516156646252367790e-01 4.135648841181848723e-01 4.137709738099224488e-01
7.610000000000000320e+00 4.398893231132294246e-01 4.075126719683752619e-01 4.094633027452218577e-01
7.630000000000000782e+00 4.406884691466440018e-01 4.029581813263609091e-01 3.988952666538441161e-01
7.650000000000000355e+00 4.389015668936533388e-01 3.930893406593284900e-01 3.951906184443377268e-01
7.669999999999999929e+00 4.108621265745045492e-01 3.925083608700481452e-01 3.883759920744065397e-01
7.689999999999999503e+00 4.260338158167989997e-01 3.881066155854239752e-01 3.794007763874503447e-01
7.709999999999999964e+00 4.169060881825416565e-01 3.789828778142406707e-01 3.746333604997266198e-01
7.730000000000000426e+00 4.118969743108617521e-01 3.776546537723970975e-01 3.676353468628150156e-01
7.750000000000000000e+00 3.964097938931808174e-01 3.728557353432707111e-01 3.619991255953329823e-01
7.769999999999999574e+00 4.171398952535417815e-01 3.662899343855841039e-01 3.563348559686305150e-01
7.790000000000000036e+00 4.012775895920083769e-01 3.598866670214102004e-01 3.491297553217092564e-01
7.810000000000000497e+00 3.868880324571102869e-01 3.586433915220060831e-01 3.418631968128524878e-01
7.830000000000000071e+00 3.754221884310572355e-01 3.448041942837828389e-01 3.405484311954420917e-01
7.849999999999999645e+00 3.878399055521872252e-01 3.469730767132543914e-01 3.342647060798736858e-01
7.870000000000000107e+00 3.753415291563381162e-01 3.434659241711195965e-01 3.279316358614347005e-01
7.890000000000000568e+00 3.753751625102708656e-01 3.402240346233136314e-01 3.192487181460291756e-01
7.910000000000000142e+00 3.551982487151806311e-01 3.317674669481246452e-01 3.176265685472334233e-01
7.929999999999999716e+00 3.591527315411726096e-01 3.251306488047334131e-01 3.107005874051778638e-01
7.950000000000000178e+00 3.459178934489591239e-01 3.238813043785669921e-01 3.068336452604813469e-01
7.970000000000000639e+00 3.512919483849281099e-01 3.149894439672550894e-01 2.999845533927551489e-01
7.990000000000000213e+00 3.300470026322351313e-01 3.151273555750022659e-01 2.978036875147536122e-01
