r_A g_B_B g_B_Fe g_Fe_Fe
1.000000000000000021e-02 0.000000000000000000e+00 0.000000000000000000e+00 0.000000000000000000e+00
2.999999999999999889e-02 0.000000000000000000e+00 0.000000000000000000e+00 0.000000000000000000e+00
5.000000000000000278e-02 0.000000000000000000e+00 0.000000000000000000e+00 0.000000000000000000e+00
7.000000000000000666e-02 0.000000000000000000e+00 0.000000000000000000e+00 0.000000000000000000e+00
8.999999999999999667e-02 0.000000000000000000e+00 0.000000000000000000e+00 0.000000000000000000e+00
1.100000000000000006e-01 0.000000000000000000e+00 0.000000000000000000e+00 0.000000000000000000e+00
1.300000000000000044e-01 0.000000000000000000e+00 0.000000000000000000e+00 0.000000000000000000e+00
1.500000000000000222e-01 0.000000000000000000e+00 0.000000000000000000e+00 0.000000000000000000e+00
1.699999999999999845e-01 0.000000000000000000e+00 0.000000000000000000e+00 0.000000000000000000e+00
1.900000000000000022e-01 0.000000000000000000e+00 0.000000000000000000e+00 0.000000000000000000e+00
2.100000000000000200e-01 0.000000000000000000e+00 0.000000000000000000e+00 0.000000000000000000e+00
2.299999999999999822e-01 0.000000000000000000e+00 0.000000000000000000e+00 0.000000000000000000e+00
2.500000000000000000e-01 0.000000000000000000e+00 0.000000000000000000e+00 0.000000000000000000e+00
2.700000000000000178e-01 0.000000000000000000e+00 0.000000000000000000e+00 0.000000000000000000e+00
2.900000000000000355e-01 0.000000000000000000e+00 0.000000000000000000e+00 0.000000000000000000e+00
3.099999999999999978e-01 0.000000000000000000e+00 0.000000000000000000e+00 0.000000000000000000e+00
3.300000000000000155e-01 0.000000000000000000e+00 0.000000000000000000e+00 0.000000000000000000e+00
3.499999999999999778e-01 0.000000000000000000e+00 0.000000000000000000e+00 0.000000000000000000e+00
3.699999999999999956e-01 0.000000000000000000e+00 0.000000000000000000e+00 0.000000000000000000e+00
3.900000000000000133e-01 0.000000000000000000e+00 0.000000000000000000e+00 0.000000000000000000e+00
4.100000000000000311e-01 0.000000000000000000e+00 0.000000000000000000e+00 0.000000000000000000e+00
4.299999999999999933e-01 0.000000000000000000e+00 0.000000000000000000e+00 0.000000000000000000e+00
4.500000000000000111e-01 0.000000000000000000e+00 0.000000000000000000e+00 0.000000000000000000e+00
4.699999999999999734e-01 0.000000000000000000e+00 0.000000000000000000e+00 0.000000000000000000e+00
4.899999999999999911e-01 0.000000000000000000e+00 0.000000000000000000e+00 0.000000000000000000e+00
5.100000000000000089e-01 0.000000000000000000e+00 0.000000000000000000e+00 0.000000000000000000e+00
5.300000000000000266e-01 0.000000000000000000e+00 0.000000000000000000e+00 0.000000000000000000e+00
5.500000000000000444e-01 0.000000000000000000e+00 0.000000000000000000e+00 0.000000000000000000e+00
5.700000000000000622e-01 0.000000000000000000e+00 0.000000000000000000e+00 0.000000000000000000e+00
5.899999999999999689e-01 0.000000000000000000e+00 0.000000000000000000e+00 0.000000000000000000e+00
6.099999999999999867e-01 0.000000000000000000e+00 0.000000000000000000e+00 0.000000000000000000e+00
6.300000000000000044e-01 0.000000000000000000e+00 0.000000000000000000e+00 0.000000000000000000e+00
6.500000000000000222e-01 0.000000000000000000e+00 0.000000000000000000e+00 0.000000000000000000e+00
6.700000000000000400e-01 0.000000000000000000e+00 0.000000000000000000e+00 0.000000000000000000e+00
6.900000000000000577e-01 0.000000000000000000e+00 0.000000000000000000e+00 0.000000000000000000e+00
7.099999999999999645e-01 0.000000000000000000e+00 0.000000000000000000e+00 0.000000000000000000e+00
7.299999999999999822e-01 0.000000000000000000e+00 0.000000000000000000e+00 0.000000000000000000e+00
7.500000000000000000e-01 0.000000000000000000e+00 0.000000000000000000e+00 0.000000000000000000e+00
7.700000000000000178e-01 0.000000000000000000e+00 0.000000000000000000e+00 0.000000000000000000e+00
7.900000000000000355e-01 0.000000000000000000e+00 0.000000000000000000e+00 0.000000000000000000e+00
8.100000000000000533e-01 0.000000000000000000e+00 0.000000000000000000e+00 0.000000000000000000e+00
8.300000000000000711e-01 0.000000000000000000e+00 0.000000000000000000e+00 0.000000000000000000e+00
8.499999999999999778e-01 0.000000000000000000e+00 0.000000000000000000e+00 0.000000000000000000e+00
8.699999999999999956e-01 0.000000000000000000e+00 0.000000000000000000e+00 0.000000000000000000e+00
8.900000000000000133e-01 0.000000000000000000e+00 0.000000000000000000e+00 0.000000000000000000e+00
9.100000000000000311e-01 0.000000000000000000e+00 0.000000000000000000e+00 0.000000000000000000e+00
9.300000000000000488e-01 0.000000000000000000e+00 0.000000000000000000e+00 0.000000000000000000e+00
9.499999999999999556e-01 0.000000000000000000e+00 0.000000000000000000e+00 0.000000000000000000e+00
9.699999999999999734e-01 0.000000000000000000e+00 0.000000000000000000e+00 0.000000000000000000e+00
9.899999999999999911e-01 0.000000000000000000e+00 0.000000000000000000e+00 0.000000000000000000e+00
1.010000000000000009e+00 0.000000000000000000e+00 0.000000000000000000e+00 0.000000000000000000e+00
1.030000000000000027e+00 0.000000000000000000e+00 0.000000000000000000e+00 0.000000000000000000e+00
1.050000000000000044e+00 0.000000000000000000e+00 0.000000000000000000e+00 0.000000000000000000e+00
1.070000000000000062e+00 0.000000000000000000e+00 0.000000000000000000e+00 0.000000000000000000e+00
1.090000000000000080e+00 0.000000000000000000e+00 0.000000000000000000e+00 0.000000000000000000e+00
1.110000000000000098e+00 0.000000000000000000e+00 0.000000000000000000e+00 0.000000000000000000e+00
1.130000000000000115e+00 0.000000000000000000e+00 0.000000000000000000e+00 0.000000000000000000e+00
1.149999999999999911e+00 0.000000000000000000e+00 0.000000000000000000e+00 0.000000000000000000e+00
1.169999999999999929e+00 0.000000000000000000e+00 0.000000000000000000e+00 0.000000000000000000e+00
1.189999999999999947e+00 0.000000000000000000e+00 0.000000000000000000e+00 0.000000000000000000e+00
1.209999999999999964e+00 0.000000000000000000e+00 0.000000000000000000e+00 0.000000000000000000e+00
1.229999999999999982e+00 0.000000000000000000e+00 0.000000000000000000e+00 0.000000000000000000e+00
1.250000000000000000e+00 0.000000000000000000e+00 0.000000000000000000e+00 0.000000000000000000e+00
1.270000000000000018e+00 0.000000000000000000e+00 0.000000000000000000e+00 0.000000000000000000e+00
1.290000000000000036e+00 9.565732352102683132e-05 0.000000000000000000e+00 0.000000000000000000e+00
1.310000000000000053e+00 4.637942097995207584e-04 0.000000000000000000e+00 0.000000000000000000e+00
1.330000000000000071e+00 7.199210400940231477e-04 0.000000000000000000e+00 0.000000000000000000e+00
1.350000000000000089e+00 4.367177755746333434e-03 0.000000000000000000e+00 0.000000000000000000e+00
1.370000000000000107e+00 6.445714866080155467e-03 0.000000000000000000e+00 0.000000000000000000e+00
1.390000000000000124e+00 1.812558084814745382e-02 0.000000000000000000e+00 0.000000000000000000e+00
1.410000000000000142e+00 3.899328279254993951e-02 0.000000000000000000e+00 0.000000000000000000e+00
1.429999999999999938e+00 7.675454574543931485e-02 0.000000000000000000e+00 0.000000000000000000e+00
1.449999999999999956e+00 1.387039805006271831e-01 0.000000000000000000e+00 0.000000000000000000e+00
1.469999999999999973e+00 2.355090564821605836e-01 0.000000000000000000e+00 0.000000000000000000e+00
1.489999999999999991e+00 3.699789275784151621e-01 0.000000000000000000e+00 0.000000000000000000e+00
1.510000000000000009e+00 5.433668407708037718e-01 1.044632906816874259e-04 0.000000000000000000e+00
1.530000000000000027e+00 7.637227479181672996e-01 0.000000000000000000e+00 0.000000000000000000e+00
1.550000000000000044e+00 1.027393237402247417e+00 2.974238416028979421e-04 0.000000000000000000e+00
1.570000000000000062e+00 1.308400219158528444e+00 5.797890627838600758e-04 0.000000000000000000e+00
1.590000000000000080e+00 1.569869270392768135e+00 1.224806051438105453e-03 0.000000000000000000e+00
1.610000000000000098e+00 1.828401654262819864e+00 4.686372276700006938e-03 0.000000000000000000e+00
1.630000000000000115e+00 2.070435571787113016e+00 9.861340931110023841e-03 0.000000000000000000e+00
1.650000000000000133e+00 2.286177239103662551e+00 1.574792164702265226e-02 0.000000000000000000e+00
1.669999999999999929e+00 2.425184153664444064e+00 2.980651767211828576e-02 0.000000000000000000e+00
1.689999999999999947e+00 2.526076600704379338e+00 5.028781665516849492e-02 0.000000000000000000e+00
1.709999999999999964e+00 2.613392824216576926e+00 8.104940952431702317e-02 0.000000000000000000e+00
1.729999999999999982e+00 2.639906699746764396e+00 1.275734866359828357e-01 0.000000000000000000e+00
1.750000000000000000e+00 2.599455428353217190e+00 1.879835176085677961e-01 0.000000000000000000e+00
1.770000000000000018e+00 2.523462682932345658e+00 2.669338325271221612e-01 0.000000000000000000e+00
1.790000000000000036e+00 2.421879702326338979e+00 3.812074525272760583e-01 0.000000000000000000e+00
1.810000000000000053e+00 2.335418345735872592e+00 4.967910900274122299e-01 0.000000000000000000e+00
1.830000000000000071e+00 2.185162776256786898e+00 6.303027318645997301e-01 0.000000000000000000e+00
1.850000000000000089e+00 2.051846850497114350e+00 8.032621981075409590e-01 4.206844699999665710e-04
1.870000000000000107e+00 1.905904816758560605e+00 9.852694820814883458e-01 0.000000000000000000e+00
1.890000000000000124e+00 1.774293265256494667e+00 1.168635546980866691e+00 4.030663155697480058e-04
1.910000000000000142e+00 1.632824188921591313e+00 1.356942612171786244e+00 0.000000000000000000e+00
1.929999999999999938e+00 1.516893258133158673e+00 1.545482612047747395e+00 7.730643705787387668e-04
1.949999999999999956e+00 1.393168296464931011e+00 1.716520628015167471e+00 6.815592899040118918e-03
1.969999999999999973e+00 1.276262379913879919e+00 1.881066168576560615e+00 7.419898760043386159e-03
1.989999999999999991e+00 1.179709419285725591e+00 2.033931734122422785e+00 1.345228569529239096e-02
2.009999999999999787e+00 1.099138907446614910e+00 2.196465938416197528e+00 2.458994510311898404e-02
2.030000000000000249e+00 9.977808453485291773e-01 2.277727320822813262e+00 3.983028638460286985e-02
2.049999999999999822e+00 9.322708061283783154e-01 2.385850863464013649e+00 5.927056985482580254e-02
2.070000000000000284e+00 8.596206936099419771e-01 2.421017629013818784e+00 7.694768871513422981e-02
2.089999999999999858e+00 7.932845342425913771e-01 2.465640781078287880e+00 1.163544467547232425e-01
2.110000000000000320e+00 7.499277882291054409e-01 2.452986306235058755e+00 1.529667871397380197e-01
2.129999999999999893e+00 6.932102044548790198e-01 2.458062705599197706e+00 1.964411273343417419e-01
2.150000000000000355e+00 6.516872628077767793e-01 2.449799135021711205e+00 2.619510301543427899e-01
2.169999999999999929e+00 6.174185898595948574e-01 2.429888366661149490e+00 3.265523979199346227e-01
2.190000000000000391e+00 5.869425616816045244e-01 2.349257185584330276e+00 4.040712752755712400e-01
2.209999999999999964e+00 5.524769424539999196e-01 2.280740877031065761e+00 4.858182916215038616e-01
2.230000000000000426e+00 5.332964649721516626e-01 2.222484030401896238e+00 5.663180184947678164e-01
2.250000000000000000e+00 5.108714462958386937e-01 2.155295695314666471e+00 6.421850755418622159e-01
2.270000000000000462e+00 5.003952930555651823e-01 2.053001706770156698e+00 7.479938272302880664e-01
2.290000000000000036e+00 4.824346616913946506e-01 1.989818941484012393e+00 8.928550887522731516e-01
2.310000000000000053e+00 4.739380396455717959e-01 1.881682590878789529e+00 9.538210701786019596e-01
2.330000000000000071e+00 4.608813356677227135e-01 1.816612199304898034e+00 1.067734875675706130e+00
2.349999999999999645e+00 4.556642183374913779e-01 1.723456043405432236e+00 1.161224080435340644e+00
2.370000000000000107e+00 4.495932443894211650e-01 1.631688177862973710e+00 1.225785469560427776e+00
2.389999999999999680e+00 4.553654339653442351e-01 1.571176511015372812e+00 1.364406743817911272e+00
2.410000000000000142e+00 4.521418862772473846e-01 1.495585421829904504e+00 1.446466730988816840e+00
2.429999999999999716e+00 4.482344612472249357e-01 1.417984035460923886e+00 1.473471574005317919e+00
2.450000000000000178e+00 4.592184640720243238e-01 1.353976467469827805e+00 1.556493674815631501e+00
2.469999999999999751e+00 4.590133132242375513e-01 1.292042885968482491e+00 1.632632527282138923e+00
2.490000000000000213e+00 4.743656897207127465e-01 1.220314513749024110e+00 1.674784201436847919e+00
2.509999999999999787e+00 4.807079113420718586e-01 1.181133893362148912e+00 1.674253980070340653e+00
2.530000000000000249e+00 4.947492615140026140e-01 1.119554121639457112e+00 1.721442717754995799e+00
2.549999999999999822e+00 5.133112301344877615e-01 1.051328378499218230e+00 1.758093959355479852e+00
2.570000000000000284e+00 5.212839424610947736e-01 1.021902302518752581e+00 1.711218177006457619e+00
2.589999999999999858e+00 5.329842931424330077e-01 9.778459149327490829e-01 1.751000141714165403e+00
2.610000000000000320e+00 5.587310172406955155e-01 9.302943705037725053e-01 1.743712878952076384e+00
2.629999999999999893e+00 5.752127720824056212e-01 9.011508221499520133e-01 1.741439683465699106e+00
2.650000000000000355e+00 5.966888458340897650e-01 8.653497363383276797e-01 1.712997824391673252e+00
2.669999999999999929e+00 6.386278072299862441e-01 8.287119584435417297e-01 1.739942493960708436e+00
2.690000000000000391e+00 6.483278186499935591e-01 8.176858082215330281e-01 1.705411161385241181e+00
2.709999999999999964e+00 6.772891517473498268e-01 7.787420763750554364e-01 1.671901953561844678e+00
2.730000000000000426e+00 6.956597351733209145e-01 7.667026378410516374e-01 1.617551144189719237e+00
2.750000000000000000e+00 7.390222309506130349e-01 7.478116670624715967e-01 1.579258615865221316e+00
2.770000000000000462e+00 7.699857424764815494e-01 7.331716093345089780e-01 1.537771116951658357e+00
2.790000000000000036e+00 8.053670300051426478e-01 7.185363828395576746e-01 1.526161478018555728e+00
2.810000000000000053e+00 8.349088238668446182e-01 7.044230440408579819e-01 1.503967133267274159e+00
2.830000000000000071e+00 8.737344723866995455e-01 6.954831966531279663e-01 1.454380387781518680e+00
2.849999999999999645e+00 9.026315069183671325e-01 6.719150963564712864e-01 1.416313658904917672e+00
2.870000000000000107e+00 9.207267878324046917e-01 6.792973178879128104e-01 1.372520710518305043e+00
2.889999999999999680e+00 9.705230403861346833e-01 6.672756297138368042e-01 1.349452383292719659e+00
2.910000000000000142e+00 9.991110337905203531e-01 6.609759226123564924e-01 1.279278985452430684e+00
2.929999999999999716e+00 1.036954926386801867e+00 6.631922316857085109e-01 1.282167396430651918e+00
2.950000000000000178e+00 1.072129363155589266e+00 6.657805436466612825e-01 1.195353403554534566e+00
2.969999999999999751e+00 1.093253997971158187e+00 6.709395084177715018e-01 1.170820876313291015e+00
2.990000000000000213e+00 1.118526954535619122e+00 6.736899732233289084e-01 1.169221496095741442e+00
3.009999999999999787e+00 1.144088105497343966e+00 6.784641097700441215e-01 1.101769580959155448e+00
3.030000000000000249e+00 1.169884790651837259e+00 6.969339552119973025e-01 1.088997906415028583e+00
3.049999999999999822e+00 1.195422038080296012e+00 7.090246770018390210e-01 1.066559728676305774e+00
3.070000000000000284e+00 1.210907222538205374e+00 7.159404550483110530e-01 1.031932363181334855e+00
3.089999999999999858e+00 1.233878526365675077e+00 7.376360069834890787e-01 9.985616155529375426e-01
3.110000000000000320e+00 1.242961145029501502e+00 7.382268538281200332e-01 9.695338351880369299e-01
3.129999999999999893e+00 1.254181394830170770e+00 7.557370142769210819e-01 9.520394776632163936e-01
3.150000000000000355e+00 1.261151031350395968e+00 7.829224785027865119e-01 9.272192898338080802e-01
3.169999999999999929e+00 1.267227683111370018e+00 8.011863286870970491e-01 8.780170674049595503e-01
3.190000000000000391e+00 1.268860916881854761e+00 8.217876626638029869e-01 8.666175321356981431e-01
3.209999999999999964e+00 1.257455436275569438e+00 8.498362139057125120e-01 8.407612907027877114e-01
3.230000000000000426e+00 1.249835179383666173e+00 8.673348706361598826e-01 8.150629965940568988e-01
3.250000000000000000e+00 1.246134681725207249e+00 8.879252786475981818e-01 8.031539731535167759e-01
3.270000000000000462e+00 1.240718917548489841e+00 9.067902725231175021e-01 8.035929570113747866e-01
3.290000000000000036e+00 1.226577190142792873e+00 9.326801923064721445e-01 7.777573553482789448e-01
3.310000000000000497e+00 1.224134830664887819e+00 9.544015969173698100e-01 7.962470018928885507e-01
3.330000000000000071e+00 1.202454898369998748e+00 9.798744063056380460e-01 7.760641999878172825e-01
3.349999999999999645e+00 1.194991264910298057e+00 1.001085788830845758e+00 7.673386344025344696e-01
3.370000000000000107e+00 1.175046615489155233e+00 1.026780628736267076e+00 7.753728086594292579e-01
3.389999999999999680e+00 1.160156110734259505e+00 1.044961499987627773e+00 7.545992575183642082e-01
3.410000000000000142e+00 1.144629551036569159e+00 1.063301938201406838e+00 7.580319113546162280e-01
3.429999999999999716e+00 1.125853695811098065e+00 1.079079734042063254e+00 7.779772679414286296e-01
3.450000000000000178e+00 1.111166420318657755e+00 1.081693804680980753e+00 7.416450051875950189e-01
3.469999999999999751e+00 1.094005344981125782e+00 1.104056705184314646e+00 7.700694277648876263e-01
3.490000000000000213e+00 1.081554841057345007e+00 1.120264057108495637e+00 7.871565958642755545e-01
3.509999999999999787e+00 1.064600152883883100e+00 1.130076681558661589e+00 7.819514483385640036e-01
3.530000000000000249e+00 1.047141590552923551e+00 1.137110687792999952e+00 7.694184725467027031e-01
3.549999999999999822e+00 1.032395089361473506e+00 1.134937303048233703e+00 7.989320430324171607e-01
3.570000000000000284e+00 1.022308930521112158e+00 1.147673630357522123e+00 8.049176805481665919e-01
3.589999999999999858e+00 1.015902972892093858e+00 1.147322825580773253e+00 8.342927226501362092e-01
3.610000000000000320e+00 1.002552243451325875e+00 1.138245953182910997e+00 8.545726115286252922e-01
3.629999999999999893e+00 9.919581217086068659e-01 1.147194453370504075e+00 8.683464453178831866e-01
3.650000000000000355e+00 9.877606177864267645e-01 1.142630856659766714e+00 8.860908202229677011e-01
3.669999999999999929e+00 9.799434375912388084e-01 1.138222119812169142e+00 9.051082488576575047e-01
3.690000000000000391e+00 9.709044644044864114e-01 1.120966550575867027e+00 9.177408417746046876e-01
3.709999999999999964e+00 9.701102054732512192e-01 1.121044165530271863e+00 9.457400149174188808e-01
3.730000000000000426e+00 9.600322768899441916e-01 1.114858203059629016e+00 9.551842732973686578e-01
3.750000000000000000e+00 9.562602903114173492e-01 1.089803472953374097e+00 9.881273433217553359e-01
3.770000000000000462e+00 9.599285748697775622e-01 1.091376569648911943e+00 9.975263704067217629e-01
3.790000000000000036e+00 9.554871737237228269e-01 1.078727741536689155e+00 1.007073436971081648e+00
3.810000000000000497e+00 9.478947240725412726e-01 1.060934439261569606e+00 1.050684172579716247e+00
3.830000000000000071e+00 9.484170791701774794e-01 1.056524372333670359e+00 1.051223600563540472e+00
3.849999999999999645e+00 9.544942052129545829e-01 1.047407951125767234e+00 1.086664223400595652e+00
3.870000000000000107e+00 9.548896622286255909e-01 1.023871079124414774e+00 1.094400182808452415e+00
3.889999999999999680e+00 9.548899129379021522e-01 1.017478250102380688e+00 1.081177536469474232e+00
3.910000000000000142e+00 9.548297784796975218e-01 1.003917574664826562e+00 1.114126359292848534e+00
3.929999999999999716e+00 9.535773591874435740e-01 1.002701152376194393e+00 1.116332710477994761e+00
3.950000000000000178e+00 9.569332677004525056e-01 9.905883481518977796e-01 1.131172046740612114e+00
3.969999999999999751e+00 9.639507456953010367e-01 9.763709896487935413e-01 1.147026737302772492e+00
3.990000000000000213e+00 9.697698824568223852e-01 9.611164643684412257e-01 1.140530730627650868e+00
4.009999999999999787e+00 9.678817803686491361e-01 9.574190259508356116e-01 1.163117719496287172e+00
4.030000000000000249e+00 9.667478189228696506e-01 9.433639019736858033e-01 1.158694032870120072e+00
4.050000000000000711e+00 9.748184472805447864e-01 9.499563291413807287e-01 1.139817161094377695e+00
4.070000000000000284e+00 9.756401196524913111e-01 9.343306448034467415e-01 1.162801720560094010e+00
4.089999999999999858e+00 9.808812218885899492e-01 9.267815756225532553e-01 1.134157139473459974e+00
4.109999999999999432e+00 9.818373422608459578e-01 9.257929422299714384e-01 1.175054310240453148e+00
4.129999999999999893e+00 9.851928039262175529e-01 9.196131085492772472e-01 1.137195908801928779e+00
4.150000000000000355e+00 9.880221993658759860e-01 9.195528889550541596e-01 1.133618231893225969e+00
4.169999999999999929e+00 9.955490635168114943e-01 9.102602862434948650e-01 1.139081927038089859e+00
4.189999999999999503e+00 1.000874599367085560e+00 9.089311436389096999e-01 1.119950438310771235e+00
4.209999999999999964e+00 1.001949768389548190e+00 9.165900759709493251e-01 1.094225304300603607e+00
4.230000000000000426e+00 1.009107462888296780e+00 9.069047303862384224e-01 1.101364033490253691e+00
4.250000000000000000e+00 1.013010599934381029e+00 9.088729034475308000e-01 1.085203663399626040e+00
4.269999999999999574e+00 1.011462038693875076e+00 9.143831514835613072e-01 1.088880935359866964e+00
4.290000000000000036e+00 1.014439240836065625e+00 9.111836310455209142e-01 1.097605985146981711e+00
4.310000000000000497e+00 1.022407981115530440e+00 9.106966814183645731e-01 1.082947551736734626e+00
4.330000000000000071e+00 1.020481984414750132e+00 9.162143241966860252e-01 1.063213694280526811e+00
4.349999999999999645e+00 1.024546241828145465e+00 9.131081481729133031e-01 1.030708740198070794e+00
4.370000000000000107e+00 1.033019808921310290e+00 9.163190350715443300e-01 1.040596971333935361e+00
4.390000000000000568e+00 1.036150843978822067e+00 9.225605437592835356e-01 1.011637950144716358e+00
4.410000000000000142e+00 1.042481344744917271e+00 9.311376262457603525e-01 1.010182366201791471e+00
4.429999999999999716e+00 1.040170975023133604e+00 9.355779950648493992e-01 9.979269397511671968e-01
4.450000000000000178e+00 1.042691187710707013e+00 9.319624409872869775e-01 1.002573416651467264e+00
4.470000000000000639e+00 1.041675073061102630e+00 9.379226128926636541e-01 9.849027857140033593e-01
4.490000000000000213e+00 1.048208011411669194e+00 9.392974370246659488e-01 9.786477999276721462e-01
4.509999999999999787e+00 1.048612940356450141e+00 9.496514345331830143e-01 9.740928730533495727e-01
4.530000000000000249e+00 1.046658201880641181e+00 9.571631424270442556e-01 9.753334080297115793e-01
4.550000000000000711e+00 1.052078896508822359e+00 9.567402474939611379e-01 9.639264649965274545e-01
4.570000000000000284e+00 1.047440872321288241e+00 9.651382646521182718e-01 9.369630957876884381e-01
4.589999999999999858e+00 1.047656602081415977e+00 9.730486466806689272e-01 9.705033429808749279e-01
4.610000000000000320e+00 1.048158743866412612e+00 9.736127130847496147e-01 9.492284965416827314e-01
4.629999999999999893e+00 1.045048743224444854e+00 9.881308637223761293e-01 9.298290271555321729e-01
4.650000000000000355e+00 1.051708091453163352e+00 9.934739773186530565e-01 9.520787761212833322e-01
4.669999999999999929e+00 1.045865119342671568e+00 9.902142842587857707e-01 9.234094536209958015e-01
4.689999999999999503e+00 1.046343376415386661e+00 9.953553808304902439e-01 9.200017910864860538e-01
4.709999999999999964e+00 1.041272054805851166e+00 1.004034936350332696e+00 9.283010427459869041e-01
4.730000000000000426e+00 1.035131833102236332e+00 1.012181081167067509e+00 9.372639394893033105e-01
4.750000000000000000e+00 1.039704408614084974e+00 1.013926150345180188e+00 9.399171366599744504e-01
4.769999999999999574e+00 1.034684062562599705e+00 1.016559063017265840e+00 9.454038566561924206e-01
4.790000000000000036e+00 1.025187556692559454e+00 1.026867582059752815e+00 9.457461424116020421e-01
4.810000000000000497e+00 1.025266601527639043e+00 1.032213491156942275e+00 9.574385032687607877e-01
4.830000000000000071e+00 1.019468210537946007e+00 1.030145829337191232e+00 9.493406806810676946e-01
4.849999999999999645e+00 1.012322776000781577e+00 1.039296755255596727e+00 9.399357698748291856e-01
4.870000000000000107e+00 1.007407910763844505e+00 1.038229916751640891e+00 9.517793844972158857e-01
4.890000000000000568e+00 1.005568420698831122e+00 1.038580118256850371e+00 9.579790739285701795e-01
4.910000000000000142e+00 1.003500908475200903e+00 1.042041917818708807e+00 9.711533923723860706e-01
4.929999999999999716e+00 1.004151845692896394e+00 1.046285678059524438e+00 9.682659443608742089e-01
4.950000000000000178e+00 9.966256039520086096e-01 1.052866950902456855e+00 9.676262985503025771e-01
4.970000000000000639e+00 9.932929251117397218e-01 1.045094884395703305e+00 9.663826728288253953e-01
4.990000000000000213e+00 9.861521422019089433e-01 1.046663492823827202e+00 9.723557629666286228e-01
5.009999999999999787e+00 9.873254907674788861e-01 1.046702905984077558e+00 9.826771397379433504e-01
5.030000000000000249e+00 9.830947744795407450e-01 1.045277627159645117e+00 9.778942403432708819e-01
5.050000000000000711e+00 9.854166116444766921e-01 1.042908061243840168e+00 1.003022095933907121e+00
5.070000000000000284e+00 9.780538077367334493e-01 1.048901503468556928e+00 9.989331990439942466e-01
5.089999999999999858e+00 9.748189991804466770e-01 1.051587726286132396e+00 9.877640569214547472e-01
5.110000000000000320e+00 9.730312960320254279e-01 1.044366517717892462e+00 1.009271056543304512e+00
5.129999999999999893e+00 9.752823992223790261e-01 1.039913832160679785e+00 1.009896939267846960e+00
5.150000000000000355e+00 9.717674132399640730e-01 1.046868212435830614e+00 1.016454153911231284e+00
5.169999999999999929e+00 9.697902417714959755e-01 1.037572388042509175e+00 1.009251529866783681e+00
5.189999999999999503e+00 9.726665536957160851e-01 1.037982897244486002e+00 1.029604167681497762e+00
5.209999999999999964e+00 9.731302703505557705e-01 1.031880572966520138e+00 1.026329261471590426e+00
5.230000000000000426e+00 9.735002622594988164e-01 1.024796091377783602e+00 1.031496337483685410e+00
5.250000000000000000e+00 9.685864811381834638e-01 1.036403870837215413e+00 1.032637201647491398e+00
5.269999999999999574e+00 9.693304582483517340e-01 1.027600389866972330e+00 1.034819751469397309e+00
5.290000000000000036e+00 9.659739576424380969e-01 1.021666438263566290e+00 1.053095394293283249e+00
5.310000000000000497e+00 9.719050001899255387e-01 1.015006934113858561e+00 1.039407192182514095e+00
5.330000000000000071e+00 9.727777901786964776e-01 1.019569602777347983e+00 1.052096722631162384e+00
5.349999999999999645e+00 9.749729761319427812e-01 1.012193919492348604e+00 1.029657346889024216e+00
5.370000000000000107e+00 9.725267411283246011e-01 1.009285633922190284e+00 1.048963735468690261e+00
5.390000000000000568e+00 9.778596042449352321e-01 1.009344099647421222e+00 1.053732200412313080e+00
5.410000000000000142e+00 9.748037219342708948e-01 9.988676853153403146e-01 1.038822533628314781e+00
5.429999999999999716e+00 9.767494422467637438e-01 1.000740524537662157e+00 1.046663893521373900e+00
5.450000000000000178e+00 9.797122706737244613e-01 9.979961011923093039e-01 1.036669298860894761e+00
5.470000000000000639e+00 9.811533053751146927e-01 9.905283955118070471e-01 1.047676869290428137e+00
5.490000000000000213e+00 9.845385188148613187e-01 9.971860250252105873e-01 1.045312180302306215e+00
5.509999999999999787e+00 9.848706372424163025e-01 9.932473328816551206e-01 1.043760367659247290e+00
5.530000000000000249e+00 9.851409716317730547e-01 9.954848312417221567e-01 1.040744081252343634e+00
5.550000000000000711e+00 9.888753844983514396e-01 9.923518964564855827e-01 1.033210003047883685e+00
5.570000000000000284e+00 9.895087414810851412e-01 9.870501552588006877e-01 1.039540294015643296e+00
5.589999999999999858e+00 9.989055443283119118e-01 9.890858980101701059e-01 1.044786093036928598e+00
5.610000000000000320e+00 9.952252610077627626e-01 9.838852650171681091e-01 1.033049554450940821e+00
5.629999999999999893e+00 9.978396034661862757e-01 9.868417049060346224e-01 1.030447105490076787e+00
5.650000000000000355e+00 9.973851025306451623e-01 9.863143304429403679e-01 1.040574637834742244e+00
5.669999999999999929e+00 9.965011952323201694e-01 9.835693652396115816e-01 1.023080365311662021e+00
5.689999999999999503e+00 9.995188108381233283e-01 9.861135015705153606e-01 1.016968193173934942e+00
5.709999999999999964e+00 1.001688586696426686e+00 9.861067389205367961e-01 1.022044785082372398e+00
5.730000000000000426e+00 1.004739505203999128e+00 9.872077627568006664e-01 1.026631171548481936e+00
5.750000000000000000e+00 1.005980887226380904e+00 9.869368509386869937e-01 1.006524518393449030e+00
5.769999999999999574e+00 1.007400888548152684e+00 9.822102526269239631e-01 1.001159103389029026e+00
5.790000000000000036e+00 1.004522716601516708e+00 9.844313934851722792e-01 1.005936539832300802e+00
5.810000000000000497e+00 1.008927251112472279e+00 9.870503227127598311e-01 1.003714764365639445e+00
5.830000000000000071e+00 1.003360976789134940e+00 9.861342991940046376e-01 1.007853903509531079e+00
5.849999999999999645e+00 1.011034145025043740e+00 9.875323610286972364e-01 9.971879114793225085e-01
5.870000000000000107e+00 1.004313463907824167e+00 9.887848158169409984e-01 1.003608623495958918e+00
5.890000000000000568e+00 1.012256769060776662e+00 9.872855135706014584e-01 1.003071385032173080e+00
5.910000000000000142e+00 1.008320378593212441e+00 9.913962220629533029e-01 9.943564687448883666e-01
5.929999999999999716e+00 1.011892338326552343e+00 9.937763691522503162e-01 9.913045413750964929e-01
5.950000000000000178e+00 1.012605753847421353e+00 9.961290774722083574e-01 9.805032173339469637e-01
5.970000000000000639e+00 1.013429837034304226e+00 9.919654933085438886e-01 9.808122765417778277e-01
5.990000000000000213e+00 1.013195495590101913e+00 9.981182482756245644e-01 9.937357489971110347e-01
6.009999999999999787e+00 1.010535523255644774e+00 1.003619934661270419e+00 9.860566145936351390e-01
6.030000000000000249e+00 1.011097531487650691e+00 9.963642525986772247e-01 9.884359280239934931e-01
6.050000000000000711e+00 1.011890977296991956e+00 1.003772188025840117e+00 9.887167945201559283e-01
6.070000000000000284e+00 1.010897928462479500e+00 9.963345054625336594e-01 9.883472644328472612e-01
6.089999999999999858e+00 1.008307993817086468e+00 9.985547502143050647e-01 9.759266752475163065e-01
6.110000000000000320e+00 1.009845071687084594e+00 1.000673579146717396e+00 9.892560789097230023e-01
6.130000000000000782e+00 1.008307477076424652e+00 9.998404016620410228e-01 9.883672908939291624e-01
6.150000000000000355e+00 1.011617000548271861e+00 1.004941789537878494e+00 9.913900666148358631e-01
6.169999999999999929e+00 1.009543582053717747e+00 1.005714009281404531e+00 9.796783794103366416e-01
6.189999999999999503e+00 1.009503219339112690e+00 1.003079751829633492e+00 9.869983588490996995e-01
6.209999999999999964e+00 1.009252552512251100e+00 1.013620570782999497e+00 9.834886134440328220e-01
6.230000000000000426e+00 1.004374342054190405e+00 1.002152154277197615e+00 9.917629696340739542e-01
6.250000000000000000e+00 1.006803834866730973e+00 1.007456164245421393e+00 9.730412176225915477e-01
6.269999999999999574e+00 1.007363842499809925e+00 1.007128388114599815e+00 9.865107450756345209e-01
6.290000000000000036e+00 1.007884310519855386e+00 1.005050540114367674e+00 9.839955524308202639e-01
6.310000000000000497e+00 1.004735734530340263e+00 1.009110568878943237e+00 9.830473158912439446e-01
6.330000000000000071e+00 1.004840638127589614e+00 1.008135633714237089e+00 9.925479713972228391e-01
6.349999999999999645e+00 1.003459642964942722e+00 1.009663469049590923e+00 9.939826098801954890e-01
6.370000000000000107e+00 1.000871767781439603e+00 1.010306977712959853e+00 9.981828772916615522e-01
6.390000000000000568e+00 1.003388100701920305e+00 1.004704254714358314e+00 1.007847239247450899e+00
6.410000000000000142e+00 1.000255269441103545e+00 1.008606675512492501e+00 9.939637433616902440e-01
6.429999999999999716e+00 9.991594485745555199e-01 1.010983633088480271e+00 9.931181868833870441e-01
6.450000000000000178e+00 9.979737836313339328e-01 1.007231408161024522e+00 1.001850578234374289e+00
6.470000000000000639e+00 9.978370225787702719e-01 1.010743912249240539e+00 9.982459597799494544e-01
6.490000000000000213e+00 9.988092349154500393e-01 1.006525846774332322e+00 1.001332427573684125e+00
6.509999999999999787e+00 1.001887937123038030e+00 1.008135014671550644e+00 9.986885862179794016e-01
6.530000000000000249e+00 9.976827921707717151e-01 1.006951740252892025e+00 1.008551657116201872e+00
6.550000000000000711e+00 1.001265030980851733e+00 1.006768989805030934e+00 1.016295787868852551e+00
6.570000000000000284e+00 9.962404380144641580e-01 1.005013682795408592e+00 1.010284496721364889e+00
6.589999999999999858e+00 9.954883105531781018e-01 1.003919270094485450e+00 1.011057564664488151e+00
6.610000000000000320e+00 9.950257873369325878e-01 1.005240173231090273e+00 1.014603835610273563e+00
6.630000000000000782e+00 9.954886670681605265e-01 1.009875658757887429e+00 1.009245146422504069e+00
6.650000000000000355e+00 9.932138349393720977e-01 1.005711676971402069e+00 9.974533869518010798e-01
6.669999999999999929e+00 9.961545033605153643e-01 1.001697189757026596e+00 1.006205910360963962e+00
6.689999999999999503e+00 9.975022317516338832e-01 1.003231529572022662e+00 1.005892825958414338e+00
6.709999999999999964e+00 9.983742680636387146e-01 1.001132415303919165e+00 1.017205783412753695e+00
6.730000000000000426e+00 1.000026693130257049e+00 1.002227379406487762e+00 1.017812824451239884e+00
6.750000000000000000e+00 9.990286681323889972e-01 9.997892044648779564e-01 1.014160331301901419e+00
6.769999999999999574e+00 9.970107922127358080e-01 1.002995769558423955e+00 1.024072705740913358e+00
6.790000000000000036e+00 9.977235489812642522e-01 9.939546688342585368e-01 1.015893934177334756e+00
6.810000000000000497e+00 9.972986130682477413e-01 9.994962585154921753e-01 1.012978164977019535e+00
6.830000000000000071e+00 9.989499481898937994e-01 9.978433075474641978e-01 1.009646970111412134e+00
6.849999999999999645e+00 9.997949160607958463e-01 9.988626965077653796e-01 1.012781151606237939e+00
6.870000000000000107e+00 9.996822292633105178e-01 9.959875224230830826e-01 1.015160129189490057e+00
6.890000000000000568e+00 1.001016023038260760e+00 9.954318716890514507e-01 1.016099299585399685e+00
6.910000000000000142e+00 1.002994425631642761e+00 1.000098864528828235e+00 1.019242014549065267e+00
6.929999999999999716e+00 1.000833107594842675e+00 9.897468807768153853e-01 1.005092847231790820e+00
6.950000000000000178e+00 1.004671447943221718e+00 9.934921124590312402e-01 1.026233179513743154e+00
6.970000000000000639e+00 1.004825252897294519e+00 9.961534024131409870e-01 1.013505992028925329e+00
6.990000000000000213e+00 1.002501056835635840e+00 9.913873514399397235e-01 1.014374295501886847e+00
7.009999999999999787e+00 1.000983891115494240e+00 9.918894857099203044e-01 1.015567804130566243e+00
7.030000000000000249e+00 1.008525287456772057e+00 9.978112194182374717e-01 1.013759709202758375e+00
7.050000000000000711e+00 1.001901687482751324e+00 9.936483234124569019e-01 1.010362490058014151e+00
7.070000000000000284e+00 1.003632907643157157e+00 9.885539172714900014e-01 1.009464646279401245e+00
7.089999999999999858e+00 1.003700967451224058e+00 9.957545865561926446e-01 1.011997943302129332e+00
7.110000000000000320e+00 1.004174340166993584e+00 9.920593193717447411e-01 1.011239896749600131e+00
7.130000000000000782e+00 1.004786311323630610e+00 9.967672410871766253e-01 1.011663944771189927e+00
7.150000000000000355e+00 1.002750777704257468e+00 9.967851072430043979e-01 1.006603646176642775e+00
7.169999999999999929e+00 1.005144056158820520e+00 9.924320119670699825e-01 1.012842774199483653e+00
7.189999999999999503e+00 1.008151110370697934e+00 9.936086133476764726e-01 1.011337882831958579e+00
7.209999999999999964e+00 1.004758345206220316e+00 9.926217023539777307e-01 1.014653364129498136e+00
7.230000000000000426e+00 1.006388015617249554e+00 9.921545063972518896e-01 1.016649707730011398e+00
7.250000000000000000e+00 1.005355682883030788e+00 9.963811093667646057e-01 1.001598016162588145e+00
7.269999999999999574e+00 1.007840345757760936e+00 9.972834264184091690e-01 1.000426183168875660e+00
7.290000000000000036e+00 1.006571377449663407e+00 9.940105550813821411e-01 1.001636253348086258e+00
7.310000000000000497e+00 1.007746952691699116e+00 9.989112441373485529e-01 1.010766730655843215e+00
7.330000000000000071e+00 1.006477106389371379e+00 9.950945780561296639e-01 9.984786852213725084e-01
7.349999999999999645e+00 1.004581445480625890e+00 9.948230589718771721e-01 1.010269352858237379e+00
7.370000000000000107e+00 1.004552503301225475e+00 9.938645073448115763e-01 1.006808222365090488e+00
7.390000000000000568e+00 1.007435674225779954e+00 9.985193436133694700e-01 1.002341505403804289e+00
7.410000000000000142e+00 1.006257810391935514e+00 1.003456550869253006e+00 1.005250466311534474e+00
7.429999999999999716e+00 1.007811624016212049e+00 1.001340773862732902e+00 9.960641442224779096e-01
7.450000000000000178e+00 1.005602879195749200e+00 9.987697383623392877e-01 9.986613614695031282e-01
7.470000000000000639e+00 1.005120668705816733e+00 1.002051249371949337e+00 9.965204558954154912e-01
7.490000000000000213e+00 1.002867147465289932e+00 1.003050221535891628e+00 1.006938301696939986e+00
7.509999999999999787e+00 1.001424918522199947e+00 9.995181760251760084e-01 1.000790878361510705e+00
7.530000000000000249e+00 9.968506983100838825e-01 9.958204168049077376e-01 9.892857641865157037e-01
7.550000000000000711e+00 9.957904352438801121e-01 9.954780959641869043e-01 9.915785357363217090e-01
7.570000000000000284e+00 9.964858473163933361e-01 9.929266764364671483e-01 9.930795378372822002e-01
7.589999999999999858e+00 9.932224581318112033e-01 9.911201251549048852e-01 9.926015071111065069e-01
7.610000000000000320e+00 9.916755494464084553e-01 9.902236749121504644e-01 9.963164405203494001e-01
7.630000000000000782e+00 9.880311952470569592e-01 9.876495989511843154e-01 9.886022293085980905e-01
7.650000000000000355e+00 9.857088287391955195e-01 9.834893362809362660e-01 9.813978113376909951e-01
7.669999999999999929e+00 9.789080918994174096e-01 9.843471767342063528e-01 9.877159507588129106e-01
7.689999999999999503e+00 9.814462307465542379e-01 9.810824699348964506e-01 9.773259483074668852e-01
7.709999999999999964e+00 9.745400439844997820e-01 9.794932211084820262e-01 9.797222158501944778e-01
7.730000000000000426e+00 9.777489973701546377e-01 9.770143430249299543e-01 9.815987109517386733e-01
7.750000000000000000e+00 9.720199751152664991e-01 9.699556887361875379e-01 9.669981613652867125e-01
7.769999999999999574e+00 9.687363223604422702e-01 9.708315189277492152e-01 9.744992485030715690e-01
7.790000000000000036e+00 9.623309418031252838e-01 9.669911806244709807e-01 9.711152121067951892e-01
7.810000000000000497e+00 9.589926806291079187e-01 9.625174506440392630e-01 9.614977196767624523e-01
7.830000000000000071e+00 9.590227703806697424e-01 9.638383294764141240e-01 9.486309009527437164e-01
7.849999999999999645e+00 9.560125324801715951e-01 9.595131070126412531e-01 9.669812909271524592e-01
7.870000000000000107e+00 9.542926871241711462e-01 9.556885202078211350e-01 9.648158344002890630e-01
7.890000000000000568e+00 9.520051760074627056e-01 9.524987013004968528e-01 9.601851163391594834e-01
7.910000000000000142e+00 9.476499488836298557e-01 9.511599990842289909e-01 9.483171017968441419e-01
7.929999999999999716e+00 9.473741909213361234e-01 9.495385890135145113e-01 9.504542550811899693e-01
7.950000000000000178e+00 9.407345962686155527e-01 9.503560033522450157e-01 9.536969678097590997e-01
7.970000000000000639e+00 9.434345420868799348e-01 9.406650985913380669e-01 9.586632004529348494e-01
7.990000000000000213e+00 9.381463635381666055e-01 9.424537963406280916e-01 9.481864591422571875e-01
