r_A g_Fe_Fe g_Fe_B g_B_B
1.000000000000000021e-02 0.000000000000000000e+00 0.000000000000000000e+00 0.000000000000000000e+00
2.999999999999999889e-02 0.000000000000000000e+00 0.000000000000000000e+00 0.000000000000000000e+00
5.000000000000000278e-02 0.000000000000000000e+00 0.000000000000000000e+00 0.000000000000000000e+00
7.000000000000000666e-02 0.000000000000000000e+00 0.000000000000000000e+00 0.000000000000000000e+00
8.999999999999999667e-02 0.000000000000000000e+00 0.000000000000000000e+00 0.000000000000000000e+00
1.100000000000000006e-01 0.000000000000000000e+00 0.000000000000000000e+00 0.000000000000000000e+00
1.300000000000000044e-01 0.000000000000000000e+00 0.000000000000000000e+00 0.000000000000000000e+00
1.500000000000000222e-01 0.000000000000000000e+00 0.000000000000000000e+00 0.000000000000000000e+00
1.699999999999999845e-01 0.000000000000000000e+00 0.000000000000000000e+00 0.000000000000000000e+00
1.900000000000000022e-01 0.000000000000000000e+00 0.000000000000000000e+00 0.000000000000000000e+00
2.100000000000000200e-01 0.000000000000000000e+00 0.000000000000000000e+00 0.000000000000000000e+00
2.299999999999999822e-01 0.000000000000000000e+00 0.000000000000000000e+00 0.000000000000000000e+00
2.500000000000000000e-01 0.000000000000000000e+00 0.000000000000000000e+00 0.000000000000000000e+00
2.700000000000000178e-01 0.000000000000000000e+00 0.000000000000000000e+00 0.000000000000000000e+00
2.900000000000000355e-01 0.000000000000000000e+00 0.000000000000000000e+00 0.000000000000000000e+00
3.099999999999999978e-01 0.000000000000000000e+00 0.000000000000000000e+00 0.000000000000000000e+00
3.300000000000000155e-01 0.000000000000000000e+00 0.000000000000000000e+00 0.000000000000000000e+00
3.499999999999999778e-01 0.000000000000000000e+00 0.000000000000000000e+00 0.000000000000000000e+00
3.699999999999999956e-01 0.000000000000000000e+00 0.000000000000000000e+00 0.000000000000000000e+00
3.900000000000000133e-01 0.000000000000000000e+00 0.000000000000000000e+00 0.000000000000000000e+00
4.100000000000000311e-01 0.000000000000000000e+00 0.000000000000000000e+00 0.000000000000000000e+00
4.299999999999999933e-01 0.000000000000000000e+00 0.000000000000000000e+00 0.000000000000000000e+00
4.500000000000000111e-01 0.000000000000000000e+00 0.000000000000000000e+00 0.000000000000000000e+00
4.699999999999999734e-01 0.000000000000000000e+00 0.000000000000000000e+00 0.000000000000000000e+00
4.899999999999999911e-01 0.000000000000000000e+00 0.000000000000000000e+00 0.000000000000000000e+00
5.100000000000000089e-01 0.000000000000000000e+00 0.000000000000000000e+00 0.000000000000000000e+00
5.300000000000000266e-01 0.000000000000000000e+00 0.000000000000000000e+00 0.000000000000000000e+00
5.500000000000000444e-01 0.000000000000000000e+00 0.000000000000000000e+00 0.000000000000000000e+00
5.700000000000000622e-01 0.000000000000000000e+00 0.000000000000000000e+00 0.000000000000000000e+00
5.899999999999999689e-01 0.000000000000000000e+00 0.000000000000000000e+00 0.000000000000000000e+00
6.099999999999999867e-01 0.000000000000000000e+00 0.000000000000000000e+00 0.000000000000000000e+00
6.300000000000000044e-01 0.000000000000000000e+00 0.000000000000000000e+00 0.000000000000000000e+00
6.500000000000000222e-01 0.000000000000000000e+00 0.000000000000000000e+00 0.000000000000000000e+00
6.700000000000000400e-01 0.000000000000000000e+00 0.000000000000000000e+00 0.000000000000000000e+00
6.900000000000000577e-01 0.000000000000000000e+00 0.000000000000000000e+00 0.000000000000000000e+00
7.099999999999999645e-01 0.000000000000000000e+00 0.000000000000000000e+00 0.000000000000000000e+00
7.299999999999999822e-01 0.000000000000000000e+00 0.000000000000000000e+00 0.000000000000000000e+00
7.500000000000000000e-01 0.000000000000000000e+00 0.000000000000000000e+00 0.000000000000000000e+00
7.700000000000000178e-01 0.000000000000000000e+00 0.000000000000000000e+00 0.000000000000000000e+00
7.900000000000000355e-01 0.000000000000000000e+00 0.000000000000000000e+00 0.000000000000000000e+00
8.100000000000000533e-01 0.000000000000000000e+00 0.000000000000000000e+00 0.000000000000000000e+00
8.300000000000000711e-01 0.000000000000000000e+00 0.000000000000000000e+00 0.000000000000000000e+00
8.499999999999999778e-01 0.000000000000000000e+00 0.000000000000000000e+00 0.000000000000000000e+00
8.699999999999999956e-01 0.000000000000000000e+00 0.000000000000000000e+00 0.000000000000000000e+00
8.900000000000000133e-01 0.000000000000000000e+00 0.000000000000000000e+00 0.000000000000000000e+00
9.100000000000000311e-01 0.000000000000000000e+00 0.000000000000000000e+00 0.000000000000000000e+00
9.300000000000000488e-01 0.000000000000000000e+00 0.000000000000000000e+00 0.000000000000000000e+00
9.499999999999999556e-01 0.000000000000000000e+00 0.000000000000000000e+00 0.000000000000000000e+00
9.699999999999999734e-01 0.000000000000000000e+00 0.000000000000000000e+00 0.000000000000000000e+00
9.899999999999999911e-01 0.000000000000000000e+00 0.000000000000000000e+00 0.000000000000000000e+00
1.010000000000000009e+00 0.000000000000000000e+00 0.000000000000000000e+00 0.000000000000000000e+00
1.030000000000000027e+00 0.000000000000000000e+00 0.000000000000000000e+00 0.000000000000000000e+00
1.050000000000000044e+00 0.000000000000000000e+00 0.000000000000000000e+00 0.000000000000000000e+00
1.070000000000000062e+00 0.000000000000000000e+00 0.000000000000000000e+00 0.000000000000000000e+00
1.090000000000000080e+00 0.000000000000000000e+00 0.000000000000000000e+00 0.000000000000000000e+00
1.110000000000000098e+00 0.000000000000000000e+00 0.000000000000000000e+00 0.000000000000000000e+00
1.130000000000000115e+00 0.000000000000000000e+00 0.000000000000000000e+00 0.000000000000000000e+00
1.149999999999999911e+00 0.000000000000000000e+00 0.000000000000000000e+00 0.000000000000000000e+00
1.169999999999999929e+00 0.000000000000000000e+00 0.000000000000000000e+00 0.000000000000000000e+00
1.189999999999999947e+00 0.000000000000000000e+00 0.000000000000000000e+00 0.000000000000000000e+00
1.209999999999999964e+00 0.000000000000000000e+00 0.000000000000000000e+00 0.000000000000000000e+00
1.229999999999999982e+00 0.000000000000000000e+00 0.000000000000000000e+00 0.000000000000000000e+00
1.250000000000000000e+00 0.000000000000000000e+00 0.000000000000000000e+00 0.000000000000000000e+00
1.270000000000000018e+00 0.000000000000000000e+00 0.000000000000000000e+00 0.000000000000000000e+00
1.290000000000000036e+00 0.000000000000000000e+00 0.000000000000000000e+00 0.000000000000000000e+00
1.310000000000000053e+00 0.000000000000000000e+00 0.000000000000000000e+00 0.000000000000000000e+00
1.330000000000000071e+00 0.000000000000000000e+00 0.000000000000000000e+00 0.000000000000000000e+00
1.350000000000000089e+00 0.000000000000000000e+00 0.000000000000000000e+00 2.377730119511332137e-04
1.370000000000000107e+00 0.000000000000000000e+00 0.000000000000000000e+00 1.500729946177464195e-03
1.390000000000000124e+00 0.000000000000000000e+00 0.000000000000000000e+00 2.803567128183045206e-03
1.410000000000000142e+00 0.000000000000000000e+00 0.000000000000000000e+00 9.263635588847391952e-03
1.429999999999999938e+00 0.000000000000000000e+00 0.000000000000000000e+00 1.960201051596159594e-02
1.449999999999999956e+00 0.000000000000000000e+00 0.000000000000000000e+00 5.008427864718680705e-02
1.469999999999999973e+00 0.000000000000000000e+00 0.000000000000000000e+00 9.766200402760165378e-02
1.489999999999999991e+00 0.000000000000000000e+00 0.000000000000000000e+00 1.859190819526116423e-01
1.510000000000000009e+00 0.000000000000000000e+00 0.000000000000000000e+00 3.087432783717252716e-01
1.530000000000000027e+00 0.000000000000000000e+00 0.000000000000000000e+00 4.721438329764939268e-01
1.550000000000000044e+00 0.000000000000000000e+00 0.000000000000000000e+00 6.830679721662390458e-01
1.570000000000000062e+00 0.000000000000000000e+00 0.000000000000000000e+00 9.549763639073792776e-01
1.590000000000000080e+00 0.000000000000000000e+00 5.977950034283853204e-04 1.269896568573243512e+00
1.610000000000000098e+00 0.000000000000000000e+00 6.802079575813994297e-04 1.540467274994478997e+00
1.630000000000000115e+00 0.000000000000000000e+00 1.990855056457053150e-03 1.848019106374731990e+00
1.650000000000000133e+00 0.000000000000000000e+00 6.938874981638174649e-03 2.116341947087853725e+00
1.669999999999999929e+00 0.000000000000000000e+00 1.399892124668047390e-02 2.357140593128194350e+00
1.689999999999999947e+00 0.000000000000000000e+00 2.848557888973289945e-02 2.513338602794643162e+00
1.709999999999999964e+00 0.000000000000000000e+00 5.185615656774561488e-02 2.654291264835093589e+00
1.729999999999999982e+00 0.000000000000000000e+00 8.937755680585360296e-02 2.665671197900763900e+00
1.750000000000000000e+00 0.000000000000000000e+00 1.512522730589802300e-01 2.670039015113578884e+00
1.770000000000000018e+00 0.000000000000000000e+00 2.418397491062464766e-01 2.650430309139404805e+00
1.790000000000000036e+00 0.000000000000000000e+00 3.550130832881512877e-01 2.550622108338809202e+00
1.810000000000000053e+00 0.000000000000000000e+00 4.985198352602422944e-01 2.403958657146367361e+00
1.830000000000000071e+00 0.000000000000000000e+00 6.994082498373772605e-01 2.278266730174349775e+00
1.850000000000000089e+00 0.000000000000000000e+00 9.292947830371961482e-01 2.131462398311609441e+00
1.870000000000000107e+00 0.000000000000000000e+00 1.177403024026459688e+00 1.957606077240535036e+00
1.890000000000000124e+00 0.000000000000000000e+00 1.431498098299013755e+00 1.801025386627782110e+00
1.910000000000000142e+00 0.000000000000000000e+00 1.710582267410080348e+00 1.639076465261452009e+00
1.929999999999999938e+00 3.182171387022927943e-04 2.014366198270556296e+00 1.479346995861337666e+00
1.949999999999999956e+00 1.246892556390618136e-03 2.283333028497925632e+00 1.373257742885041433e+00
1.969999999999999973e+00 3.054259182988954425e-03 2.504736870785582603e+00 1.222074782107065660e+00
1.989999999999999991e+00 3.891128872800172188e-03 2.734251361275842562e+00 1.135041326655145788e+00
2.009999999999999787e+00 6.454595837971392400e-03 2.896573229969634955e+00 1.028741434597966409e+00
2.030000000000000249e+00 1.466954548808440881e-02 3.069846885806468695e+00 9.155058280950748584e-01
2.049999999999999822e+00 1.974371821043888198e-02 3.153188145117967078e+00 8.437998107441977425e-01
2.070000000000000284e+00 3.236561495657150345e-02 3.176730060230489094e+00 7.825690993616688518e-01
2.089999999999999858e+00 4.965892046391912756e-02 3.224861827736302811e+00 7.178119775878344377e-01
2.110000000000000320e+00 7.561226515872497556e-02 3.181216328317295172e+00 6.605165934606118672e-01
2.129999999999999893e+00 1.105146978064683039e-01 3.140354823709399223e+00 6.283513038886329172e-01
2.150000000000000355e+00 1.448806771241795133e-01 3.042859626625293856e+00 5.808572264856433076e-01
2.169999999999999929e+00 2.137111685911361747e-01 2.918293342491940390e+00 5.384502654927248999e-01
2.190000000000000391e+00 2.921247133813477115e-01 2.776374159680462750e+00 5.034969781561876578e-01
2.209999999999999964e+00 3.642799360676192699e-01 2.654614193000155442e+00 4.800072456375166774e-01
2.230000000000000426e+00 4.516880989473608388e-01 2.515026746090026855e+00 4.579289734668184897e-01
2.250000000000000000e+00 5.401591902461797545e-01 2.358715617923766938e+00 4.444742939534735426e-01
2.270000000000000462e+00 6.484591503316542438e-01 2.231352766955347899e+00 4.231369901871189776e-01
2.290000000000000036e+00 7.829719954844683860e-01 2.084284335756717343e+00 4.229675227910005830e-01
2.310000000000000053e+00 8.887588727894992768e-01 1.939309178969714997e+00 4.108837510350062949e-01
2.330000000000000071e+00 1.036882946593422394e+00 1.812067030313214033e+00 4.047383135416547928e-01
2.349999999999999645e+00 1.206901448192272408e+00 1.666918599636337817e+00 4.035282962433051623e-01
2.370000000000000107e+00 1.305849438077574698e+00 1.571100105187083429e+00 4.003339675165155653e-01
2.389999999999999680e+00 1.436399778613378642e+00 1.452666144930348180e+00 4.061795647657080455e-01
2.410000000000000142e+00 1.583883288599189809e+00 1.345476812732617100e+00 4.069270830367439085e-01
2.429999999999999716e+00 1.693415938589647007e+00 1.257601214920432087e+00 4.122184864660587422e-01
2.450000000000000178e+00 1.854072999459364768e+00 1.168711232339743500e+00 4.133489871878864852e-01
2.469999999999999751e+00 1.903050143966064311e+00 1.087767044962041352e+00 4.273874561327525301e-01
2.490000000000000213e+00 1.968574043651224237e+00 1.002315237064645315e+00 4.372889056730504542e-01
2.509999999999999787e+00 2.029894763034796767e+00 9.490637594351190032e-01 4.506736715828001394e-01
2.530000000000000249e+00 2.102926775424070360e+00 8.796561590162728095e-01 4.674411796058046131e-01
2.549999999999999822e+00 2.165588439021520539e+00 8.350776985093015803e-01 4.868614601238543949e-01
2.570000000000000284e+00 2.184417142462955042e+00 7.883045871482484701e-01 5.085425984030262914e-01
2.589999999999999858e+00 2.140386000798154331e+00 7.434718152694006488e-01 5.246858332675632397e-01
2.610000000000000320e+00 2.154864042853325667e+00 6.935925136964296023e-01 5.546532692614974946e-01
2.629999999999999893e+00 2.120844276958722574e+00 6.646574475111706182e-01 5.798615799772969259e-01
2.650000000000000355e+00 2.107519453534706599e+00 6.423241954552009192e-01 6.066243479502029246e-01
2.669999999999999929e+00 2.028510911176932385e+00 6.203710121245478160e-01 6.406686809834971630e-01
2.690000000000000391e+00 1.994855672079208553e+00 5.902601512302932951e-01 6.794762134820626631e-01
2.709999999999999964e+00 1.925493077337685710e+00 5.608301211343662551e-01 7.101983605804806921e-01
2.730000000000000426e+00 1.846967529280497455e+00 5.433150887067564883e-01 7.414623560869275654e-01
2.750000000000000000e+00 1.787755554893061261e+00 5.301786117913728225e-01 7.822599768836707712e-01
2.770000000000000462e+00 1.665481036205642695e+00 5.233709659630970679e-01 8.199142777725479947e-01
2.790000000000000036e+00 1.604685760178351517e+00 5.140499214334858236e-01 8.524875703810053107e-01
2.810000000000000053e+00 1.555053842394938712e+00 5.076517477722778393e-01 9.003260181761059133e-01
2.830000000000000071e+00 1.460483090354805391e+00 4.991494745127682542e-01 9.397247565052899709e-01
2.849999999999999645e+00 1.415832374833627672e+00 4.968200604418705479e-01 9.859888506041408762e-01
2.870000000000000107e+00 1.345801530846683969e+00 5.014179198593646802e-01 1.017040019018564667e+00
2.889999999999999680e+00 1.235132744859878784e+00 5.011065389895146271e-01 1.066493226782784909e+00
2.910000000000000142e+00 1.196097135654422106e+00 5.001911649558231643e-01 1.099782933413709030e+00
2.929999999999999716e+00 1.116448978845808071e+00 5.103152833819367684e-01 1.132269340493817333e+00
2.950000000000000178e+00 1.073031204745425127e+00 5.191067675343621346e-01 1.173113354540933795e+00
2.969999999999999751e+00 1.017508711823806866e+00 5.326702451072069522e-01 1.198634093895346808e+00
2.990000000000000213e+00 9.360580358192632788e-01 5.475160566063860257e-01 1.228216549972001026e+00
3.009999999999999787e+00 9.010265012794268502e-01 5.586688112287130359e-01 1.264060173800463760e+00
3.030000000000000249e+00 8.821991961518220737e-01 5.662429689730288374e-01 1.280563147084064601e+00
3.049999999999999822e+00 8.340975333873161812e-01 5.972634006545523011e-01 1.294289937381978062e+00
3.070000000000000284e+00 7.905660508138534492e-01 6.175416908897681800e-01 1.313942581328801928e+00
3.089999999999999858e+00 7.600058252563799410e-01 6.331576625360026966e-01 1.320453155586077676e+00
3.110000000000000320e+00 7.152124721483331671e-01 6.600932553038152406e-01 1.336634580273794670e+00
3.129999999999999893e+00 6.868640910990888582e-01 6.868565291815815765e-01 1.332656399706675598e+00
3.150000000000000355e+00 6.704048795123889182e-01 7.055527547216785544e-01 1.343694762280827515e+00
3.169999999999999929e+00 6.376731738615526446e-01 7.468345996542825604e-01 1.335072955270155903e+00
3.190000000000000391e+00 6.312166312427102133e-01 7.699992581654131474e-01 1.323920794131275391e+00
3.209999999999999964e+00 6.130223679134788606e-01 8.120619535922734000e-01 1.329911589855658161e+00
3.230000000000000426e+00 6.057951322265878735e-01 8.388308403492349408e-01 1.302527458948473660e+00
3.250000000000000000e+00 5.808556872406972493e-01 8.774725167867292175e-01 1.300925698318791790e+00
3.270000000000000462e+00 5.880721328955856864e-01 9.030482230764568241e-01 1.285628322322798001e+00
3.290000000000000036e+00 5.802870209606124652e-01 9.402492224771888951e-01 1.264540263873578985e+00
3.310000000000000497e+00 5.815180914933780754e-01 9.707633116889157199e-01 1.240405572756095864e+00
3.330000000000000071e+00 5.970015734477370772e-01 9.998881120123794819e-01 1.230376904932706683e+00
3.349999999999999645e+00 5.940137237567242323e-01 1.029933610081180673e+00 1.202253376144536423e+00
3.370000000000000107e+00 6.167298718315756823e-01 1.052610414603047495e+00 1.184629698145943211e+00
3.389999999999999680e+00 6.256678231951754432e-01 1.080314875405825381e+00 1.161152830527402813e+00
3.410000000000000142e+00 6.463828439657230973e-01 1.096251439926857030e+00 1.147292746571351829e+00
3.429999999999999716e+00 6.628457661709822313e-01 1.127480094899749652e+00 1.131668578086417076e+00
3.450000000000000178e+00 6.971090235970164306e-01 1.138697713944713197e+00 1.112014179512447631e+00
3.469999999999999751e+00 7.200072590110901949e-01 1.158180257413068182e+00 1.093258263335476599e+00
3.490000000000000213e+00 7.469102381488076370e-01 1.165169023316465768e+00 1.078184588431001512e+00
3.509999999999999787e+00 7.628604164990572256e-01 1.178977250005025068e+00 1.062151410839410559e+00
3.530000000000000249e+00 8.277717050468487159e-01 1.187587713362626474e+00 1.041177458440548209e+00
3.549999999999999822e+00 8.466876490413759448e-01 1.177002350026048028e+00 1.028584926117182441e+00
3.570000000000000284e+00 9.014937402853363535e-01 1.179998387208677668e+00 1.022430742274851312e+00
3.589999999999999858e+00 9.196204467888388079e-01 1.176288040210217822e+00 1.011289073538226502e+00
3.610000000000000320e+00 9.553003165287277110e-01 1.177941091169593557e+00 9.913527250758027431e-01
3.629999999999999893e+00 9.921192101055347212e-01 1.164901236835991227e+00 9.883846059580962962e-01
3.650000000000000355e+00 1.074163660545028653e+00 1.157312807315702408e+00 9.889998631636335302e-01
3.669999999999999929e+00 1.092321883595133825e+00 1.142882033139845932e+00 9.871299905396794250e-01
3.690000000000000391e+00 1.132136081825060536e+00 1.134781432473769502e+00 9.768721595484837206e-01
3.709999999999999964e+00 1.155098777995554604e+00 1.118937891029154974e+00 9.683674901998798878e-01
3.730000000000000426e+00 1.177590396682837603e+00 1.097773759211250422e+00 9.661089959358387658e-01
3.750000000000000000e+00 1.228449395936422439e+00 1.087564187235784852e+00 9.812082094526795029e-01
3.770000000000000462e+00 1.260735450591932816e+00 1.064997035501272782e+00 9.760998835025894715e-01
3.790000000000000036e+00 1.282370909478325771e+00 1.047052959366284064e+00 9.748758952560921953e-01
3.810000000000000497e+00 1.287479106091625525e+00 1.030744732368975125e+00 9.808929367010520428e-01
3.830000000000000071e+00 1.315279040360189500e+00 1.007146622859082408e+00 9.826546650779314218e-01
3.849999999999999645e+00 1.325400010325441968e+00 1.003269390734933930e+00 9.844000302460460539e-01
3.870000000000000107e+00 1.311103060619776883e+00 9.838951552052574989e-01 9.882993392750399897e-01
3.889999999999999680e+00 1.334315571822221269e+00 9.651815633300868669e-01 9.896753737432290032e-01
3.910000000000000142e+00 1.325584816027442825e+00 9.556623737867379065e-01 9.976611398393725461e-01
3.929999999999999716e+00 1.347353655327096167e+00 9.478847086705872726e-01 9.973528812922303199e-01
3.950000000000000178e+00 1.328957975570430827e+00 9.299799944206771363e-01 9.982773135404475751e-01
3.969999999999999751e+00 1.315601726998208321e+00 9.141130658508701545e-01 1.002748152682418903e+00
3.990000000000000213e+00 1.311901637617575611e+00 9.079306775465636470e-01 1.001036526749279121e+00
4.009999999999999787e+00 1.307988585720346153e+00 8.963433332996550984e-01 1.006868369585651735e+00
4.030000000000000249e+00 1.299198430813405247e+00 9.011323445553400813e-01 1.006278368028762138e+00
4.050000000000000711e+00 1.259371245237034476e+00 8.937131257640321680e-01 1.001238802017507368e+00
4.070000000000000284e+00 1.267919223913714477e+00 8.862285960962559273e-01 1.009473655212582477e+00
4.089999999999999858e+00 1.230677894467533395e+00 8.812264528363278338e-01 1.004016178127528747e+00
4.109999999999999432e+00 1.219220856597633240e+00 8.825273156557005283e-01 1.013585918156951315e+00
4.129999999999999893e+00 1.196113676502822853e+00 8.806605846231410073e-01 1.008429497522358220e+00
4.150000000000000355e+00 1.171535958126367349e+00 8.890118234941403186e-01 1.006495537889889658e+00
4.169999999999999929e+00 1.145464940573505119e+00 8.926577811594841316e-01 1.012776120497974386e+00
4.189999999999999503e+00 1.125778622234653081e+00 8.880157841235289951e-01 1.004747485180131461e+00
4.209999999999999964e+00 1.112031471115721981e+00 8.960696159493108937e-01 1.001568573768356618e+00
4.230000000000000426e+00 1.082263061883175448e+00 8.989906528996032264e-01 1.003054769806400071e+00
4.250000000000000000e+00 1.062060553989027767e+00 9.034347819088653919e-01 1.005944180179946912e+00
4.269999999999999574e+00 1.023985149539198947e+00 9.139316125956762349e-01 1.005396254281107682e+00
4.290000000000000036e+00 1.016971611449553281e+00 9.222914900175455122e-01 1.005132670444474741e+00
4.310000000000000497e+00 1.004364789872257635e+00 9.261181365316684122e-01 1.005075616286914775e+00
4.330000000000000071e+00 9.694400663860257561e-01 9.381374700074308626e-01 1.004549130135408586e+00
4.349999999999999645e+00 9.683137409951083630e-01 9.462098719672992209e-01 1.003165367801125640e+00
4.370000000000000107e+00 9.491051437943589519e-01 9.561399488584342299e-01 1.002774595171040062e+00
4.390000000000000568e+00 9.295905433761623149e-01 9.602432287708353442e-01 1.004215606326754662e+00
4.410000000000000142e+00 9.075255175575455135e-01 9.658130047736100954e-01 1.012675059838587854e+00
4.429999999999999716e+00 9.023092467028193120e-01 9.807667842713202466e-01 1.006566056700724410e+00
4.450000000000000178e+00 8.898472164744244406e-01 9.812689019857637751e-01 1.009946578087099089e+00
4.470000000000000639e+00 8.747240692586017996e-01 9.933961544567468938e-01 1.010363598140695762e+00
4.490000000000000213e+00 8.705941550884903624e-01 1.005256379593997274e+00 1.009260695697501209e+00
4.509999999999999787e+00 8.665612082016876938e-01 1.008174326156664469e+00 1.015754159747305430e+00
4.530000000000000249e+00 8.446012909471859453e-01 1.016647937104923960e+00 1.011830788834195971e+00
4.550000000000000711e+00 8.454946290333110737e-01 1.023011571216600357e+00 1.011024494312369848e+00
4.570000000000000284e+00 8.526398858480626064e-01 1.026740630162331858e+00 1.006334142046996671e+00
4.589999999999999858e+00 8.511331944041199415e-01 1.031705028692202264e+00 1.004474061764235815e+00
4.610000000000000320e+00 8.409753723284116855e-01 1.043016108043145929e+00 1.009245533131245542e+00
4.629999999999999893e+00 8.467750559528187670e-01 1.037655399818986801e+00 1.011784777065900975e+00
4.650000000000000355e+00 8.499223605600654263e-01 1.047526979559246785e+00 1.003470751557774321e+00
4.669999999999999929e+00 8.495606899898510145e-01 1.047097409920899391e+00 1.003517825024219157e+00
4.689999999999999503e+00 8.616763851875420821e-01 1.050244211889098001e+00 1.004108785067962861e+00
4.709999999999999964e+00 8.588089241782683736e-01 1.053969819206215686e+00 1.005083292574136866e+00
4.730000000000000426e+00 8.627935805820814430e-01 1.056728093751345021e+00 9.980252750069882328e-01
4.750000000000000000e+00 8.778183779327527470e-01 1.062818771822982455e+00 9.962168133054095653e-01
4.769999999999999574e+00 8.690660675305831306e-01 1.066334869909722372e+00 9.932417300847566910e-01
4.790000000000000036e+00 8.903929256261128300e-01 1.070842146398257588e+00 9.837654298743405690e-01
4.810000000000000497e+00 8.871537026825490058e-01 1.072058723410793890e+00 9.869520763147811016e-01
4.830000000000000071e+00 8.973512648301655847e-01 1.072268327703928881e+00 9.735293078841872338e-01
4.849999999999999645e+00 9.102735064347751148e-01 1.073144762998473833e+00 9.760729897101378949e-01
4.870000000000000107e+00 9.233034902507448738e-01 1.072154566629102135e+00 9.717085093207682434e-01
4.890000000000000568e+00 9.346527408959492966e-01 1.071197302414640840e+00 9.745863504447284109e-01
4.910000000000000142e+00 9.480485200353161446e-01 1.074221648419725339e+00 9.740866979673006298e-01
4.929999999999999716e+00 9.478337779616627934e-01 1.077990839061152117e+00 9.703893748964078636e-01
4.950000000000000178e+00 9.520905256352862889e-01 1.071116958878910674e+00 9.640493119240978181e-01
4.970000000000000639e+00 9.663735703517625231e-01 1.070375818821526437e+00 9.645340470526848620e-01
4.990000000000000213e+00 9.784933518519478568e-01 1.071645395307928128e+00 9.669466476091590490e-01
5.009999999999999787e+00 9.850056133007739634e-01 1.063527910909163987e+00 9.651119725779531144e-01
5.030000000000000249e+00 9.852462741746906838e-01 1.058661293592998431e+00 9.613061483495258797e-01
5.050000000000000711e+00 9.932142593190342872e-01 1.059310021285652992e+00 9.661283741793939006e-01
5.070000000000000284e+00 1.008173653173890516e+00 1.054467306039092556e+00 9.610498939035074795e-01
5.089999999999999858e+00 1.019848119034494127e+00 1.055588669143876057e+00 9.624776252552089684e-01
5.110000000000000320e+00 1.014967397264021631e+00 1.049618440495340366e+00 9.613310576044226119e-01
5.129999999999999893e+00 1.020085670339112571e+00 1.036712508258831544e+00 9.644708481790961185e-01
5.150000000000000355e+00 1.030948591538050074e+00 1.030964792286464649e+00 9.614957367987981840e-01
5.169999999999999929e+00 1.029595283406012474e+00 1.029977218599121835e+00 9.673006919711716334e-01
5.189999999999999503e+00 1.045570337565300489e+00 1.028562767454199056e+00 9.661584168154292440e-01
5.209999999999999964e+00 1.043322556703246917e+00 1.019678912102752966e+00 9.727719888849736263e-01
5.230000000000000426e+00 1.061575937740114606e+00 1.018571430199808336e+00 9.763729291787602849e-01
5.250000000000000000e+00 1.051696929392143876e+00 1.006868643438888489e+00 9.772573655662176728e-01
5.269999999999999574e+00 1.041040751994301017e+00 1.007630095767671374e+00 9.886168970804031231e-01
5.290000000000000036e+00 1.052710680643683450e+00 1.003571757350128602e+00 9.818447792798387086e-01
5.310000000000000497e+00 1.053203402854060222e+00 1.002306243836060373e+00 9.889555854952259972e-01
5.330000000000000071e+00 1.062170818640844727e+00 9.999319980454851597e-01 9.912492431737492948e-01
5.349999999999999645e+00 1.051138251913618982e+00 9.975211730879737226e-01 9.939428003530190736e-01
5.370000000000000107e+00 1.053023876788476976e+00 9.955639300883385445e-01 9.906329124180551782e-01
5.390000000000000568e+00 1.058647055616166677e+00 9.876171911921339808e-01 9.903503165715858980e-01
5.410000000000000142e+00 1.059663035637057771e+00 9.891842052236308191e-01 9.976329814843555299e-01
5.429999999999999716e+00 1.039207968234554302e+00 9.850204084518331404e-01 9.986528994282339866e-01
5.450000000000000178e+00 1.052106931504423359e+00 9.787794003016677680e-01 1.002111242247277767e+00
5.470000000000000639e+00 1.050092392971073485e+00 9.760294244297730293e-01 1.000104667179522178e+00
5.490000000000000213e+00 1.040017083015903454e+00 9.782575887086782940e-01 1.003420471099365274e+00
5.509999999999999787e+00 1.042631828607849531e+00 9.833979056844200928e-01 1.002907902912988147e+00
5.530000000000000249e+00 1.038824858615290392e+00 9.805476987989134585e-01 1.007584171107954729e+00
5.550000000000000711e+00 1.028696085063749432e+00 9.809430291997017770e-01 1.002874782015800825e+00
5.570000000000000284e+00 1.026900022679083646e+00 9.814941393561820160e-01 1.006070785932768219e+00
5.589999999999999858e+00 1.016530408219818771e+00 9.799325823428717275e-01 1.007642241262440619e+00
5.610000000000000320e+00 1.003118601087811923e+00 9.826581302595130962e-01 1.011802574504895968e+00
5.629999999999999893e+00 1.013543025499880068e+00 9.808304316599442130e-01 1.012651955890674582e+00
5.650000000000000355e+00 1.011652907229412035e+00 9.857266326414029223e-01 1.010721820108894331e+00
5.669999999999999929e+00 1.000325417638425085e+00 9.911249199087440731e-01 1.013969770653422753e+00
5.689999999999999503e+00 9.984312239602808337e-01 9.898723790561220204e-01 1.013600180042125043e+00
5.709999999999999964e+00 9.907221071732920104e-01 9.902508497767110729e-01 1.008791542904708960e+00
5.730000000000000426e+00 9.869951326234428501e-01 9.943590571333708050e-01 1.008875718611448535e+00
5.750000000000000000e+00 9.869527906386852401e-01 9.957350356521937895e-01 1.017178592581118979e+00
5.769999999999999574e+00 9.911241083909171357e-01 9.964022946495916244e-01 1.010106781921631169e+00
5.790000000000000036e+00 9.746007758351982186e-01 9.974047509612630202e-01 1.010204880556258233e+00
5.810000000000000497e+00 9.796659509079864714e-01 9.932882728489307311e-01 1.013923582883032637e+00
5.830000000000000071e+00 9.766874782896369789e-01 1.004967421328218480e+00 1.011007838241498202e+00
5.849999999999999645e+00 9.717178680757623255e-01 1.007447679509029248e+00 1.009513755234360488e+00
5.870000000000000107e+00 9.807942210610216538e-01 1.008138362145721389e+00 1.009770955147529126e+00
5.890000000000000568e+00 9.731197743196741134e-01 1.006175386470326893e+00 1.009776545161626071e+00
5.910000000000000142e+00 9.788636052315001779e-01 1.002405760228867848e+00 1.011675794985956278e+00
5.929999999999999716e+00 9.749685916892568693e-01 1.001271322266028552e+00 1.010531923122152564e+00
5.950000000000000178e+00 9.839272382646012671e-01 1.004889304678203477e+00 1.007030343519583315e+00
5.970000000000000639e+00 9.814365143368868338e-01 1.003644799677616106e+00 1.010173365128885115e+00
5.990000000000000213e+00 9.871169644606024862e-01 1.006564457066156049e+00 1.007847259048268329e+00
6.009999999999999787e+00 9.830849451755646617e-01 1.011326855374118594e+00 1.006669448009805290e+00
6.030000000000000249e+00 9.953842157138709235e-01 1.011431990810175430e+00 1.007082073433136049e+00
6.050000000000000711e+00 9.877129897010188397e-01 1.003276350895706770e+00 1.006271477802237913e+00
6.070000000000000284e+00 9.970108528060890318e-01 1.008242948466815392e+00 1.009266266706415172e+00
6.089999999999999858e+00 9.981754659819744857e-01 1.002575562270366261e+00 1.007222558334678109e+00
6.110000000000000320e+00 1.005082196982337361e+00 1.007749292371579397e+00 1.002781093177484761e+00
6.130000000000000782e+00 1.000017035020969614e+00 1.005943418228797182e+00 1.005208953564512120e+00
6.150000000000000355e+00 1.016056509817753195e+00 1.002774456532315339e+00 1.006621648581233375e+00
6.169999999999999929e+00 1.013434465105013560e+00 1.006605816766303008e+00 1.004551490868065944e+00
6.189999999999999503e+00 1.012000596744358827e+00 1.004470066213300150e+00 1.009476507137388346e+00
6.209999999999999964e+00 1.020738024140509737e+00 1.004339563027430993e+00 1.003760079536139438e+00
6.230000000000000426e+00 1.029495273377397435e+00 9.985375015016435540e-01 1.006146149948611956e+00
6.250000000000000000e+00 1.010627481241221037e+00 1.000817066448088433e+00 1.009207809949371759e+00
6.269999999999999574e+00 1.008954297109929676e+00 9.970886140660026875e-01 1.007629907596847563e+00
6.290000000000000036e+00 1.023040833844347519e+00 9.947624296786858888e-01 1.002940959913436236e+00
6.310000000000000497e+00 1.032969340440946349e+00 9.958428183225565000e-01 1.007564083674031163e+00
6.330000000000000071e+00 1.028108823178881748e+00 9.967954192341541564e-01 1.008383047836306945e+00
6.349999999999999645e+00 1.033842260505672073e+00 9.927438778858531654e-01 1.003739074714450563e+00
6.370000000000000107e+00 1.035364628849082758e+00 9.961042903603147813e-01 1.004046111464658164e+00
6.390000000000000568e+00 1.035454294760755456e+00 9.904585237304729395e-01 1.004849678968629423e+00
6.410000000000000142e+00 1.042446363066303006e+00 9.930048067308363535e-01 1.005312552824748407e+00
6.429999999999999716e+00 1.033190622519082114e+00 9.913210011501812913e-01 1.005634939009647510e+00
6.450000000000000178e+00 1.036366475713375479e+00 9.897600433218306515e-01 1.004496535822907433e+00
6.470000000000000639e+00 1.026741138800390196e+00 9.904618664462937483e-01 1.005319870416053085e+00
6.490000000000000213e+00 1.038039537304464410e+00 9.882777466023366930e-01 1.009303400383740446e+00
6.509999999999999787e+00 1.038551635188109001e+00 9.908683766711821050e-01 1.006301665580185745e+00
6.530000000000000249e+00 1.040149918564961418e+00 9.902484774286688385e-01 1.006112470132443759e+00
6.550000000000000711e+00 1.030188212002353776e+00 9.893064939787171719e-01 1.005578542021420052e+00
6.570000000000000284e+00 1.026946361800554985e+00 9.882292317545029459e-01 1.008641616275645747e+00
6.589999999999999858e+00 1.033905578518083068e+00 9.909516191629330617e-01 1.002573558968107958e+00
6.610000000000000320e+00 1.029286192837049363e+00 9.884114720011150101e-01 1.009612772402087799e+00
6.630000000000000782e+00 1.033494524178685481e+00 9.831792156679223238e-01 1.008977605094188768e+00
6.650000000000000355e+00 1.025116250355501357e+00 9.833574047995270462e-01 1.009884989966544522e+00
6.669999999999999929e+00 1.029475358149008812e+00 9.858257654883929577e-01 1.006798937277353811e+00
6.689999999999999503e+00 1.029208783233451108e+00 9.821238916927851337e-01 1.006011899648901586e+00
6.709999999999999964e+00 1.018422729667003868e+00 9.901800855811154767e-01 1.007112432241626498e+00
6.730000000000000426e+00 1.025045206061181657e+00 9.840422855735007079e-01 1.013028173702191781e+00
6.750000000000000000e+00 1.018381508264641466e+00 9.809284437965267722e-01 1.006396698834422621e+00
6.769999999999999574e+00 1.018968220332618024e+00 9.883749279686642186e-01 1.009772422857052598e+00
6.790000000000000036e+00 1.022332749795174411e+00 9.873742094517671264e-01 1.009218434208268622e+00
6.810000000000000497e+00 1.012451679633793677e+00 9.881062065322799848e-01 1.011480154580695734e+00
6.830000000000000071e+00 1.016237450127695841e+00 9.925600119628429363e-01 1.009048677309002384e+00
6.849999999999999645e+00 1.013393797699714272e+00 9.880286388536105857e-01 1.010525656945023165e+00
6.870000000000000107e+00 9.979835121700372236e-01 9.946872055547366642e-01 1.008800663857297275e+00
6.890000000000000568e+00 1.008403078824469334e+00 9.901359791505847108e-01 1.009328815842831961e+00
6.910000000000000142e+00 1.015532718621369623e+00 9.907324379901558675e-01 1.008930924720096822e+00
6.929999999999999716e+00 1.007680301592438488e+00 9.916097296579194920e-01 1.013086658345005331e+00
6.950000000000000178e+00 1.008318495999173781e+00 9.894568493295997635e-01 1.009224623902297280e+00
6.970000000000000639e+00 9.971235521146314396e-01 9.958050784329958161e-01 1.005104725656308817e+00
6.990000000000000213e+00 9.970297352632697674e-01 9.945843462585818306e-01 1.008784787823230777e+00
7.009999999999999787e+00 1.003047635566973739e+00 9.954526547778607126e-01 1.009822686912306144e+00
7.030000000000000249e+00 9.919759829766816583e-01 9.935121918238417615e-01 1.006627948969925024e+00
7.050000000000000711e+00 9.980415691811463930e-01 9.916334406801275980e-01 1.008231091252283163e+00
7.070000000000000284e+00 9.900552553540579170e-01 9.990724651947365809e-01 1.007840679102934178e+00
7.089999999999999858e+00 9.888870100236867300e-01 9.990510032655305350e-01 1.004550667521774132e+00
7.110000000000000320e+00 1.007271710039947976e+00 9.994275329437717348e-01 1.005593551653181539e+00
7.130000000000000782e+00 9.886881074469981989e-01 1.002880840296159537e+00 1.007116138450480092e+00
7.150000000000000355e+00 9.919754831674196804e-01 1.003028058095133623e+00 1.000976966979515215e+00
7.169999999999999929e+00 9.965712104980480879e-01 1.004843498593148921e+00 1.002691985821243748e+00
7.189999999999999503e+00 9.814274914813256867e-01 9.989979395041789223e-01 1.002620490399411590e+00
7.209999999999999964e+00 9.932968851199098781e-01 1.001312897239736044e+00 9.991456981068937981e-01
7.230000000000000426e+00 9.877637191535807437e-01 1.000546427040020836e+00 9.954452530181839842e-01
7.250000000000000000e+00 9.842608945092987671e-01 9.985943093594580322e-01 9.948084573768690708e-01
7.269999999999999574e+00 9.793014231102260547e-01 9.921734528769574624e-01 9.885758699083310175e-01
7.290000000000000036e+00 9.736231425125243533e-01 9.878317572987508344e-01 9.826738530077846479e-01
7.310000000000000497e+00 9.685246339875154264e-01 9.877555998488007916e-01 9.783826496244265591e-01
7.330000000000000071e+00 9.615699142617852857e-01 9.790442291757198712e-01 9.724056394906226419e-01
7.349999999999999645e+00 9.597449425595732109e-01 9.716018770180310238e-01 9.662184049305592159e-01
7.370000000000000107e+00 9.597150459261560851e-01 9.703423875726155945e-01 9.652298324028172338e-01
7.390000000000000568e+00 9.611907394226356649e-01 9.653740407693549574e-01 9.574612725369632260e-01
7.410000000000000142e+00 9.491874330079310695e-01 9.620874037927283906e-01 9.483220699600491965e-01
7.429999999999999716e+00 9.376642820459055727e-01 9.521423059657591059e-01 9.420107780715227808e-01
7.450000000000000178e+00 9.459203216581020257e-01 9.466693994889116004e-01 9.378225491283355142e-01
7.470000000000000639e+00 9.360611867858630308e-01 9.418236793752817748e-01 9.332345964693630203e-01
7.490000000000000213e+00 9.349777304294932812e-01 9.349328313836612336e-01 9.279831349883027602e-01
7.509999999999999787e+00 9.253177601812936359e-01 9.324473705126624656e-01 9.230662748496996084e-01
7.530000000000000249e+00 9.238791677040246730e-01 9.228806887533175241e-01 9.183910218701138994e-01
7.550000000000000711e+00 9.137507224355079227e-01 9.226109873516634696e-01 9.113385635942514718e-01
7.570000000000000284e+00 9.047505126951984611e-01 9.165028060918435360e-01 9.069528814275200634e-01
7.589999999999999858e+00 9.126839924675789195e-01 9.091693761846176836e-01 9.026872157006634589e-01
7.610000000000000320e+00 9.077906720952779729e-01 9.027092691882833142e-01 8.938892514923052479e-01
7.630000000000000782e+00 8.861588303322143201e-01 8.961961473687911628e-01 8.883196919247062784e-01
7.650000000000000355e+00 8.899774560693777259e-01 8.879740447101749368e-01 8.823814102119318381e-01
7.669999999999999929e+00 8.840929362283767023e-01 8.827197894668128431e-01 8.767028438425105152e-01
7.689999999999999503e+00 8.763132251312345522e-01 8.719240422022315196e-01 8.640218080937346334e-01
7.709999999999999964e+00 8.574755116473116168e-01 8.661605369739946436e-01 8.556667277057165011e-01
7.730000000000000426e+00 8.519927459659589752e-01 8.558206034304731702e-01 8.510452476508578723e-01
7.750000000000000000e+00 8.531860621710619652e-01 8.491319877164568153e-01 8.430437273808571996e-01
7.769999999999999574e+00 8.484068392591824770e-01 8.402895754758310520e-01 8.355259352862332012e-01
7.790000000000000036e+00 8.451303544853603356e-01 8.325228386579958118e-01 8.286204260676325317e-01
7.810000000000000497e+00 8.322569281933249741e-01 8.249731983056725060e-01 8.211991354424788003e-01
7.830000000000000071e+00 8.180344627978599625e-01 8.171692730786328518e-01 8.160551340739434778e-01
7.849999999999999645e+00 8.187380173224446667e-01 8.114696592247470086e-01 8.064943383101910168e-01
7.870000000000000107e+00 8.034055112422349154e-01 8.016285650364489701e-01 7.998117175134394907e-01
7.890000000000000568e+00 8.078108514654414041e-01 7.947009429475961895e-01 7.947422315355118227e-01
7.910000000000000142e+00 8.005672341692744443e-01 7.869634830055619590e-01 7.889830289757037152e-01
7.929999999999999716e+00 7.907851187487425770e-01 7.810723047216814319e-01 7.790026783095751473e-01
7.950000000000000178e+00 7.835292792390745609e-01 7.733054486952183337e-01 7.716838395871858935e-01
7.970000000000000639e+00 7.778663882366293469e-01 7.688939135785063383e-01 7.654587059782712588e-01
7.990000000000000213e+00 7.700036665107686806e-01 7.609934297364918665e-01 7.619470642009336103e-01
