r_A g_Fe_Fe g_Fe_B g_B_B
1.000000000000000021e-02 0.000000000000000000e+00 0.000000000000000000e+00 0.000000000000000000e+00
2.999999999999999889e-02 0.000000000000000000e+00 0.000000000000000000e+00 0.000000000000000000e+00
5.000000000000000278e-02 0.000000000000000000e+00 0.000000000000000000e+00 0.000000000000000000e+00
7.000000000000000666e-02 0.000000000000000000e+00 0.000000000000000000e+00 0.000000000000000000e+00
8.999999999999999667e-02 0.000000000000000000e+00 0.000000000000000000e+00 0.000000000000000000e+00
1.100000000000000006e-01 0.000000000000000000e+00 0.000000000000000000e+00 0.000000000000000000e+00
1.300000000000000044e-01 0.000000000000000000e+00 0.000000000000000000e+00 0.000000000000000000e+00
1.500000000000000222e-01 0.000000000000000000e+00 0.000000000000000000e+00 0.000000000000000000e+00
1.699999999999999845e-01 0.000000000000000000e+00 0.000000000000000000e+00 0.000000000000000000e+00
1.900000000000000022e-01 0.000000000000000000e+00 0.000000000000000000e+00 0.000000000000000000e+00
2.100000000000000200e-01 0.000000000000000000e+00 0.000000000000000000e+00 0.000000000000000000e+00
2.299999999999999822e-01 0.000000000000000000e+00 0.000000000000000000e+00 0.000000000000000000e+00
2.500000000000000000e-01 0.000000000000000000e+00 0.000000000000000000e+00 0.000000000000000000e+00
2.700000000000000178e-01 0.000000000000000000e+00 0.000000000000000000e+00 0.000000000000000000e+00
2.900000000000000355e-01 0.000000000000000000e+00 0.000000000000000000e+00 0.000000000000000000e+00
3.099999999999999978e-01 0.000000000000000000e+00 0.000000000000000000e+00 0.000000000000000000e+00
3.300000000000000155e-01 0.000000000000000000e+00 0.000000000000000000e+00 0.000000000000000000e+00
3.499999999999999778e-01 0.000000000000000000e+00 0.000000000000000000e+00 0.000000000000000000e+00
3.699999999999999956e-01 0.000000000000000000e+00 0.000000000000000000e+00 0.000000000000000000e+00
3.900000000000000133e-01 0.000000000000000000e+00 0.000000000000000000e+00 0.000000000000000000e+00
4.100000000000000311e-01 0.000000000000000000e+00 0.000000000000000000e+00 0.000000000000000000e+00
4.299999999999999933e-01 0.000000000000000000e+00 0.000000000000000000e+00 0.000000000000000000e+00
4.500000000000000111e-01 0.000000000000000000e+00 0.000000000000000000e+00 0.000000000000000000e+00
4.699999999999999734e-01 0.000000000000000000e+00 0.000000000000000000e+00 0.000000000000000000e+00
4.899999999999999911e-01 0.000000000000000000e+00 0.000000000000000000e+00 0.000000000000000000e+00
5.100000000000000089e-01 0.000000000000000000e+00 0.000000000000000000e+00 0.000000000000000000e+00
5.300000000000000266e-01 0.000000000000000000e+00 0.000000000000000000e+00 0.000000000000000000e+00
5.500000000000000444e-01 0.000000000000000000e+00 0.000000000000000000e+00 0.000000000000000000e+00
5.700000000000000622e-01 0.000000000000000000e+00 0.000000000000000000e+00 0.000000000000000000e+00
5.899999999999999689e-01 0.000000000000000000e+00 0.000000000000000000e+00 0.000000000000000000e+00
6.099999999999999867e-01 0.000000000000000000e+00 0.000000000000000000e+00 0.000000000000000000e+00
6.300000000000000044e-01 0.000000000000000000e+00 0.000000000000000000e+00 0.000000000000000000e+00
6.500000000000000222e-01 0.000000000000000000e+00 0.000000000000000000e+00 0.000000000000000000e+00
6.700000000000000400e-01 0.000000000000000000e+00 0.000000000000000000e+00 0.000000000000000000e+00
6.900000000000000577e-01 0.000000000000000000e+00 0.000000000000000000e+00 0.000000000000000000e+00
7.099999999999999645e-01 0.000000000000000000e+00 0.000000000000000000e+00 0.000000000000000000e+00
7.299999999999999822e-01 0.000000000000000000e+00 0.000000000000000000e+00 0.000000000000000000e+00
7.500000000000000000e-01 0.000000000000000000e+00 0.000000000000000000e+00 0.000000000000000000e+00
7.700000000000000178e-01 0.000000000000000000e+00 0.000000000000000000e+00 0.000000000000000000e+00
7.900000000000000355e-01 0.000000000000000000e+00 0.000000000000000000e+00 0.000000000000000000e+00
8.100000000000000533e-01 0.000000000000000000e+00 0.000000000000000000e+00 0.000000000000000000e+00
8.300000000000000711e-01 0.000000000000000000e+00 0.000000000000000000e+00 0.000000000000000000e+00
8.499999999999999778e-01 0.000000000000000000e+00 0.000000000000000000e+00 0.000000000000000000e+00
8.699999999999999956e-01 0.000000000000000000e+00 0.000000000000000000e+00 0.000000000000000000e+00
8.900000000000000133e-01 0.000000000000000000e+00 0.000000000000000000e+00 0.000000000000000000e+00
9.100000000000000311e-01 0.000000000000000000e+00 0.000000000000000000e+00 0.000000000000000000e+00
9.300000000000000488e-01 0.000000000000000000e+00 0.000000000000000000e+00 0.000000000000000000e+00
9.499999999999999556e-01 0.000000000000000000e+00 0.000000000000000000e+00 0.000000000000000000e+00
9.699999999999999734e-01 0.000000000000000000e+00 0.000000000000000000e+00 0.000000000000000000e+00
9.899999999999999911e-01 0.000000000000000000e+00 0.000000000000000000e+00 0.000000000000000000e+00
1.010000000000000009e+00 0.000000000000000000e+00 0.000000000000000000e+00 0.000000000000000000e+00
1.030000000000000027e+00 0.000000000000000000e+00 0.000000000000000000e+00 0.000000000000000000e+00
1.050000000000000044e+00 0.000000000000000000e+00 0.000000000000000000e+00 0.000000000000000000e+00
1.070000000000000062e+00 0.000000000000000000e+00 0.000000000000000000e+00 0.000000000000000000e+00
1.090000000000000080e+00 0.000000000000000000e+00 0.000000000000000000e+00 0.000000000000000000e+00
1.110000000000000098e+00 0.000000000000000000e+00 0.000000000000000000e+00 0.000000000000000000e+00
1.130000000000000115e+00 0.000000000000000000e+00 0.000000000000000000e+00 0.000000000000000000e+00
1.149999999999999911e+00 0.000000000000000000e+00 0.000000000000000000e+00 0.000000000000000000e+00
1.169999999999999929e+00 0.000000000000000000e+00 0.000000000000000000e+00 0.000000000000000000e+00
1.189999999999999947e+00 0.000000000000000000e+00 0.000000000000000000e+00 0.000000000000000000e+00
1.209999999999999964e+00 0.000000000000000000e+00 0.000000000000000000e+00 0.000000000000000000e+00
1.229999999999999982e+00 0.000000000000000000e+00 0.000000000000000000e+00 0.000000000000000000e+00
1.250000000000000000e+00 0.000000000000000000e+00 0.000000000000000000e+00 0.000000000000000000e+00
1.270000000000000018e+00 0.000000000000000000e+00 0.000000000000000000e+00 0.000000000000000000e+00
1.290000000000000036e+00 0.000000000000000000e+00 0.000000000000000000e+00 0.000000000000000000e+00
1.310000000000000053e+00 0.000000000000000000e+00 0.000000000000000000e+00 0.000000000000000000e+00
1.330000000000000071e+00 0.000000000000000000e+00 0.000000000000000000e+00 0.000000000000000000e+00
1.350000000000000089e+00 0.000000000000000000e+00 0.000000000000000000e+00 0.000000000000000000e+00
1.370000000000000107e+00 0.000000000000000000e+00 0.000000000000000000e+00 0.000000000000000000e+00
1.390000000000000124e+00 0.000000000000000000e+00 0.000000000000000000e+00 2.335616080943078677e-04
1.410000000000000142e+00 0.000000000000000000e+00 0.000000000000000000e+00 6.809485472928675058e-04
1.429999999999999938e+00 0.000000000000000000e+00 0.000000000000000000e+00 1.103390905292626987e-03
1.449999999999999956e+00 0.000000000000000000e+00 0.000000000000000000e+00 5.795079846417318034e-03
1.469999999999999973e+00 0.000000000000000000e+00 0.000000000000000000e+00 1.785514148068667595e-02
1.489999999999999991e+00 0.000000000000000000e+00 0.000000000000000000e+00 4.227881704895077725e-02
1.510000000000000009e+00 0.000000000000000000e+00 0.000000000000000000e+00 9.252517632905864209e-02
1.530000000000000027e+00 0.000000000000000000e+00 0.000000000000000000e+00 1.911358809682753013e-01
1.550000000000000044e+00 0.000000000000000000e+00 0.000000000000000000e+00 3.436382840593648069e-01
1.570000000000000062e+00 0.000000000000000000e+00 0.000000000000000000e+00 5.755935376502758771e-01
1.590000000000000080e+00 0.000000000000000000e+00 0.000000000000000000e+00 8.631374546029672024e-01
1.610000000000000098e+00 0.000000000000000000e+00 0.000000000000000000e+00 1.241718047301882955e+00
1.630000000000000115e+00 0.000000000000000000e+00 0.000000000000000000e+00 1.669935750327679269e+00
1.650000000000000133e+00 0.000000000000000000e+00 3.853792270057265377e-04 2.113950095319373723e+00
1.669999999999999929e+00 0.000000000000000000e+00 3.762039697963413527e-04 2.523317336339376826e+00
1.689999999999999947e+00 0.000000000000000000e+00 9.183813122905062952e-04 2.874118754618571359e+00
1.709999999999999964e+00 0.000000000000000000e+00 4.126313073578244568e-03 3.145797688333576314e+00
1.729999999999999982e+00 0.000000000000000000e+00 9.640446696499513010e-03 3.338553599278863526e+00
1.750000000000000000e+00 0.000000000000000000e+00 2.235430636788737074e-02 3.426168364935091137e+00
1.770000000000000018e+00 0.000000000000000000e+00 4.395513979466223603e-02 3.395128307318261207e+00
1.790000000000000036e+00 0.000000000000000000e+00 8.096311840363940027e-02 3.294896199691566885e+00
1.810000000000000053e+00 0.000000000000000000e+00 1.416340846291443967e-01 3.110565740046649985e+00
1.830000000000000071e+00 0.000000000000000000e+00 2.281578933067043014e-01 2.919246005468377980e+00
1.850000000000000089e+00 0.000000000000000000e+00 3.649582791823512418e-01 2.638054046412551923e+00
1.870000000000000107e+00 0.000000000000000000e+00 5.273892349976451177e-01 2.426101946178320201e+00
1.890000000000000124e+00 0.000000000000000000e+00 7.530252161503666608e-01 2.132345637579707187e+00
1.910000000000000142e+00 0.000000000000000000e+00 1.009192867685074324e+00 1.896684009501253154e+00
1.929999999999999938e+00 0.000000000000000000e+00 1.325616790117309485e+00 1.675188614120167063e+00
1.949999999999999956e+00 0.000000000000000000e+00 1.632224663540746912e+00 1.455925951582844657e+00
1.969999999999999973e+00 0.000000000000000000e+00 1.959424478001360548e+00 1.260990748804771355e+00
1.989999999999999991e+00 0.000000000000000000e+00 2.307914482273304646e+00 1.100736551931939644e+00
2.009999999999999787e+00 0.000000000000000000e+00 2.628191763943634296e+00 9.466350022451953672e-01
2.030000000000000249e+00 2.995345975775517955e-04 2.896252442531922711e+00 8.242064844590641925e-01
2.049999999999999822e+00 1.762311457976985024e-03 3.151343320261220882e+00 7.173049790962950922e-01
2.070000000000000284e+00 2.880703179304029606e-03 3.361434925866290335e+00 6.280521461639847480e-01
2.089999999999999858e+00 9.042669815773021758e-03 3.468008698357723407e+00 5.515724734469127366e-01
2.110000000000000320e+00 1.275358411359806161e-02 3.552694534179156705e+00 4.846570647339288329e-01
2.129999999999999893e+00 1.986108836909057651e-02 3.582841716516349084e+00 4.258651487666640922e-01
2.150000000000000355e+00 3.124268797650745985e-02 3.537546807172456287e+00 3.799054580332394959e-01
2.169999999999999929e+00 6.894071572691973238e-02 3.459883530945093266e+00 3.368057951820117024e-01
2.190000000000000391e+00 9.033549938485441189e-02 3.353061999424933770e+00 3.050424723889879064e-01
2.209999999999999964e+00 1.359681991849315263e-01 3.209459209464261775e+00 2.788959570322248060e-01
2.230000000000000426e+00 1.891406666805630354e-01 3.041118811159569280e+00 2.556759258976739058e-01
2.250000000000000000e+00 2.601591500018549108e-01 2.856106147375091719e+00 2.411226030743477133e-01
2.270000000000000462e+00 3.624323755139962633e-01 2.697779640097019094e+00 2.298426409415204319e-01
2.290000000000000036e+00 4.700530997746504847e-01 2.504459745242112234e+00 2.161215169143886616e-01
2.310000000000000053e+00 5.981972733753349036e-01 2.309339879901127546e+00 2.101965795188710795e-01
2.330000000000000071e+00 7.318954535892432389e-01 2.120714823915330172e+00 2.026136338213914700e-01
2.349999999999999645e+00 8.799736143667311605e-01 1.941806393493257010e+00 1.962378580564812236e-01
2.370000000000000107e+00 1.036814944785529935e+00 1.773839726898401192e+00 1.979611572571584599e-01
2.389999999999999680e+00 1.201054701270669822e+00 1.622771737809173720e+00 1.980194830990258947e-01
2.410000000000000142e+00 1.355896945679879728e+00 1.491446792179321967e+00 1.974270413676263991e-01
2.429999999999999716e+00 1.570510959434273213e+00 1.345550890170041036e+00 2.055394071974862291e-01
2.450000000000000178e+00 1.728405814447313338e+00 1.229458445896903784e+00 2.064450633712130445e-01
2.469999999999999751e+00 1.904268662250241162e+00 1.111087249860628345e+00 2.171692450960197862e-01
2.490000000000000213e+00 2.074878263778984877e+00 1.023970938208368819e+00 2.328732666099931625e-01
2.509999999999999787e+00 2.158128708762415471e+00 9.363565016127262108e-01 2.381663816453525040e-01
2.530000000000000249e+00 2.299821249363837694e+00 8.533814961072786476e-01 2.539445836845950488e-01
2.549999999999999822e+00 2.442705140739287906e+00 7.936988342556783316e-01 2.686799298590594187e-01
2.570000000000000284e+00 2.467627824050250940e+00 7.217844090199235785e-01 2.940301860198833994e-01
2.589999999999999858e+00 2.527742283899825360e+00 6.594956350770970754e-01 3.188038608824641518e-01
2.610000000000000320e+00 2.584100626887798846e+00 6.182380568598599968e-01 3.466619253631271214e-01
2.629999999999999893e+00 2.565827589833292954e+00 5.776993475795019206e-01 3.801631154246938871e-01
2.650000000000000355e+00 2.526014047487695091e+00 5.453314718760430280e-01 4.037814468738384899e-01
2.669999999999999929e+00 2.503723241887202633e+00 5.026059917280826239e-01 4.511497854873093849e-01
2.690000000000000391e+00 2.452132165067161917e+00 4.773618992957229801e-01 4.969764574820290104e-01
2.709999999999999964e+00 2.402121862681357634e+00 4.506268508646977811e-01 5.424507592243000831e-01
2.730000000000000426e+00 2.322337353531886528e+00 4.306393859496460697e-01 6.042547817066500349e-01
2.750000000000000000e+00 2.238898565368513172e+00 4.117732230598298293e-01 6.566913485455506683e-01
2.770000000000000462e+00 2.147322894264384274e+00 3.955245543085688098e-01 7.200538461017739200e-01
2.790000000000000036e+00 2.051790562529511419e+00 3.799336850537561872e-01 7.904954075846526429e-01
2.810000000000000053e+00 1.943118277048785369e+00 3.701597328435520251e-01 8.664953708545523048e-01
2.830000000000000071e+00 1.839305782620565211e+00 3.678611565241131642e-01 9.301050930894121382e-01
2.849999999999999645e+00 1.762368558538364161e+00 3.639757613993493401e-01 1.006656431366032223e+00
2.870000000000000107e+00 1.669556822271336838e+00 3.613408148497871397e-01 1.079484416100553457e+00
2.889999999999999680e+00 1.541450102495893093e+00 3.494162934878692339e-01 1.163768686028112231e+00
2.910000000000000142e+00 1.435936427044169461e+00 3.569269904452708753e-01 1.237035416472312299e+00
2.929999999999999716e+00 1.361762877773711855e+00 3.612064890160677222e-01 1.308620602602403205e+00
2.950000000000000178e+00 1.272157579799560345e+00 3.673268135038652016e-01 1.373257043843278957e+00
2.969999999999999751e+00 1.185813802791983340e+00 3.770860605447355907e-01 1.434197889323695296e+00
2.990000000000000213e+00 1.091855700949434071e+00 3.838235912318990750e-01 1.469969402207054188e+00
3.009999999999999787e+00 1.048919868738195094e+00 3.951842049952886127e-01 1.519982832469332967e+00
3.030000000000000249e+00 9.692387593859328465e-01 4.104408175453449492e-01 1.559065484222695863e+00
3.049999999999999822e+00 8.927448000073406886e-01 4.332160910083171501e-01 1.583121613380358506e+00
3.070000000000000284e+00 8.452657181731276781e-01 4.484073080076158013e-01 1.611543813655632151e+00
3.089999999999999858e+00 7.863971353002253695e-01 4.781147205881291495e-01 1.617311722299950683e+00
3.110000000000000320e+00 7.553855042470166703e-01 4.993756704647693834e-01 1.615333333332963806e+00
3.129999999999999893e+00 7.051925823539691995e-01 5.307654587143689762e-01 1.610924089396433390e+00
3.150000000000000355e+00 6.603146441809778500e-01 5.652855641715857082e-01 1.597150191084707682e+00
3.169999999999999929e+00 6.398482311937390143e-01 6.017140627594724789e-01 1.583055665330034278e+00
3.190000000000000391e+00 5.813895502486813305e-01 6.385277825968227461e-01 1.553866348464978175e+00
3.209999999999999964e+00 5.740476203558746437e-01 6.871590799407086836e-01 1.537388704761222691e+00
3.230000000000000426e+00 5.280353962210879715e-01 7.315739337528013309e-01 1.500133779046873839e+00
3.250000000000000000e+00 5.226082769332721645e-01 7.782986418974087162e-01 1.463313479402312822e+00
3.270000000000000462e+00 5.033061201785108407e-01 8.255461320650507862e-01 1.431013942444611553e+00
3.290000000000000036e+00 5.016529956078584762e-01 8.814293446157042133e-01 1.390404788282161519e+00
3.310000000000000497e+00 4.816387177511913809e-01 9.337510104837554170e-01 1.347539301661906608e+00
3.330000000000000071e+00 4.721972712096415004e-01 9.817754349553741156e-01 1.311216221463649356e+00
3.349999999999999645e+00 4.539271363191709208e-01 1.027818569583851316e+00 1.272565639924745140e+00
3.370000000000000107e+00 4.614891498634627331e-01 1.068915004893212783e+00 1.236505715033226593e+00
3.389999999999999680e+00 4.607859383629767658e-01 1.125406551482159845e+00 1.206762072845732447e+00
3.410000000000000142e+00 4.746103974793279834e-01 1.155599622265615078e+00 1.183528025408096207e+00
3.429999999999999716e+00 4.829410095667001634e-01 1.188469771755822579e+00 1.148401159835817031e+00
3.450000000000000178e+00 4.960249885901776845e-01 1.224336778561511352e+00 1.123902462519090317e+00
3.469999999999999751e+00 4.948342232825678755e-01 1.253592846543707617e+00 1.092188883290049484e+00
3.490000000000000213e+00 5.241421128997744150e-01 1.260844526399248267e+00 1.072648863971852995e+00
3.509999999999999787e+00 5.476420666752812583e-01 1.282242382064013642e+00 1.044965805764972222e+00
3.530000000000000249e+00 6.007901641551973704e-01 1.294150552284513145e+00 1.038482007598504842e+00
3.549999999999999822e+00 6.192117916391030041e-01 1.288517836810917583e+00 1.014227263621356734e+00
3.570000000000000284e+00 6.660457134024933001e-01 1.296595461418622808e+00 9.994075493093390605e-01
3.589999999999999858e+00 7.009778710528917767e-01 1.297453148916471344e+00 9.843990137182423439e-01
3.610000000000000320e+00 7.470314870157540588e-01 1.285230165553514103e+00 9.690028793465514934e-01
3.629999999999999893e+00 8.129201308954483451e-01 1.270390278825020092e+00 9.554778447603214930e-01
3.650000000000000355e+00 8.764898721698181072e-01 1.262216063231886398e+00 9.594315295475212002e-01
3.669999999999999929e+00 9.248826229997756387e-01 1.245984237182839349e+00 9.425701325359403526e-01
3.690000000000000391e+00 9.869542209182712300e-01 1.225270984366511495e+00 9.426378766291760858e-01
3.709999999999999964e+00 1.040104115366568438e+00 1.198889711621663023e+00 9.413871151252345415e-01
3.730000000000000426e+00 1.093923504311296035e+00 1.172908019620048092e+00 9.392655839736819834e-01
3.750000000000000000e+00 1.139077625005585848e+00 1.159609681332864017e+00 9.362691965052650778e-01
3.770000000000000462e+00 1.191465080262586573e+00 1.133312873510614160e+00 9.405860424964056499e-01
3.790000000000000036e+00 1.240795672016677065e+00 1.108326834264375504e+00 9.380052954696822543e-01
3.810000000000000497e+00 1.306204338312196400e+00 1.074098179419641585e+00 9.347428304389175935e-01
3.830000000000000071e+00 1.322807316062258431e+00 1.053218006976096133e+00 9.520320149810534982e-01
3.849999999999999645e+00 1.350404515032546993e+00 1.029721957887958395e+00 9.551056160341285795e-01
3.870000000000000107e+00 1.371345565341838935e+00 1.005865983174113021e+00 9.579143354608733452e-01
3.889999999999999680e+00 1.387951771168726589e+00 9.866397712853323121e-01 9.630007153938341391e-01
3.910000000000000142e+00 1.409556890000582152e+00 9.632409422707453039e-01 9.645681366658124256e-01
3.929999999999999716e+00 1.437924176260350517e+00 9.450892912406271273e-01 9.669596141549388069e-01
3.950000000000000178e+00 1.438905947783741812e+00 9.153019735268158596e-01 9.777566862029497541e-01
3.969999999999999751e+00 1.448879866975677055e+00 9.035567280698220127e-01 9.822032830740736742e-01
3.990000000000000213e+00 1.440826566340330572e+00 8.886886917475005365e-01 9.808851338029459521e-01
4.009999999999999787e+00 1.428562708222953059e+00 8.742183911677033903e-01 9.753768531150780463e-01
4.030000000000000249e+00 1.401802116055603342e+00 8.599424015801003796e-01 9.867954913136418593e-01
4.050000000000000711e+00 1.377606268698071013e+00 8.593699576987143818e-01 9.839790460613647705e-01
4.070000000000000284e+00 1.359033306455219581e+00 8.428374264213197575e-01 9.856107146040800071e-01
4.089999999999999858e+00 1.351972876207702345e+00 8.399303054238126398e-01 9.850592950367118572e-01
4.109999999999999432e+00 1.322113268519521601e+00 8.350365978378386789e-01 9.824282125195576976e-01
4.129999999999999893e+00 1.323378559402125010e+00 8.311822533128994106e-01 9.839687194958615102e-01
4.150000000000000355e+00 1.293596084249969413e+00 8.295259249272125546e-01 9.789750688188789685e-01
4.169999999999999929e+00 1.252042229231453918e+00 8.300653818690636454e-01 9.921200473084949012e-01
4.189999999999999503e+00 1.244828841345197112e+00 8.360250811827881767e-01 9.788285293726368685e-01
4.209999999999999964e+00 1.195143803699532103e+00 8.306313855501886723e-01 9.806642811103711832e-01
4.230000000000000426e+00 1.163449086720325321e+00 8.314737390636925962e-01 9.861921259963669639e-01
4.250000000000000000e+00 1.138515419395647488e+00 8.421383633440431282e-01 9.928843818784822695e-01
4.269999999999999574e+00 1.118261824430993867e+00 8.527685743094897131e-01 9.978366293582868751e-01
4.290000000000000036e+00 1.072245384093262643e+00 8.644471193656918517e-01 9.942431709387944405e-01
4.310000000000000497e+00 1.065241005356657666e+00 8.701115587365120252e-01 9.925317081233344663e-01
4.330000000000000071e+00 1.039359106298042290e+00 8.767679089273388016e-01 9.886551742963541889e-01
4.349999999999999645e+00 1.014885551127243879e+00 9.004956597325952661e-01 1.000762387597679659e+00
4.370000000000000107e+00 9.672230748453789495e-01 9.009939226566656689e-01 1.006132262917589948e+00
4.390000000000000568e+00 9.645148597461581375e-01 9.144300926666735219e-01 1.013165978051570937e+00
4.410000000000000142e+00 9.474717818458425755e-01 9.264800583431452852e-01 1.017815029072971944e+00
4.429999999999999716e+00 9.191232995611182677e-01 9.396523049628502378e-01 1.028662593333354414e+00
4.450000000000000178e+00 8.890010223886023466e-01 9.552132724942506981e-01 1.030876863155109957e+00
4.470000000000000639e+00 8.982993490752803067e-01 9.690278357513195662e-01 1.039413294013180833e+00
4.490000000000000213e+00 8.796608686708697888e-01 9.799176859357302538e-01 1.037952699319416583e+00
4.509999999999999787e+00 8.607100792216959562e-01 9.883199216888320926e-01 1.045617827342696815e+00
4.530000000000000249e+00 8.550516233906841901e-01 9.998336981754536446e-01 1.049588892422496311e+00
4.550000000000000711e+00 8.364612064289835835e-01 1.007103555636672310e+00 1.054234609861804728e+00
4.570000000000000284e+00 8.384350852147172128e-01 1.017096789617439878e+00 1.054977654642273777e+00
4.589999999999999858e+00 8.245824168719295688e-01 1.030077682534614292e+00 1.048963393222440477e+00
4.610000000000000320e+00 8.200569008519008607e-01 1.039685232373086743e+00 1.051581563340040715e+00
4.629999999999999893e+00 8.137360430234563680e-01 1.037574634768981596e+00 1.042821503141907913e+00
4.650000000000000355e+00 8.094913956917013653e-01 1.054131341185156945e+00 1.043470711366345949e+00
4.669999999999999929e+00 8.200617748836752652e-01 1.062525187586552233e+00 1.035328165760423191e+00
4.689999999999999503e+00 8.263823519208222113e-01 1.068150116245301984e+00 1.030066179676486060e+00
4.709999999999999964e+00 8.213822536695800647e-01 1.073795101220498704e+00 1.022811661000804673e+00
4.730000000000000426e+00 8.184783637474358775e-01 1.076985251539815058e+00 1.013252549633639976e+00
4.750000000000000000e+00 8.369851738654355833e-01 1.086698652820621946e+00 9.996676310623457962e-01
4.769999999999999574e+00 8.317714273205615294e-01 1.088199473224670033e+00 9.944855504839098526e-01
4.790000000000000036e+00 8.509861555914886022e-01 1.094633261761952081e+00 9.823333975004481244e-01
4.810000000000000497e+00 8.511266087350912724e-01 1.099539484240105391e+00 9.719869784244651312e-01
4.830000000000000071e+00 8.631405805950095322e-01 1.103922304471618654e+00 9.635962122562266030e-01
4.849999999999999645e+00 8.783387684040666610e-01 1.111641272268458769e+00 9.494016276449511738e-01
4.870000000000000107e+00 8.897195912135813511e-01 1.118809374550215008e+00 9.405446413316300713e-01
4.890000000000000568e+00 8.974266303322571137e-01 1.117036760526247452e+00 9.351314206884465685e-01
4.910000000000000142e+00 9.075388814005661553e-01 1.117595091632552995e+00 9.209585154355622860e-01
4.929999999999999716e+00 9.103477255447488536e-01 1.118809101890845481e+00 9.228313709645542540e-01
4.950000000000000178e+00 9.309150640404152410e-01 1.123820876529011414e+00 9.148367019526461030e-01
4.970000000000000639e+00 9.363806970734306345e-01 1.112213807623187334e+00 9.083290498022794646e-01
4.990000000000000213e+00 9.466862226846096684e-01 1.116968414049716030e+00 9.059557427816263830e-01
5.009999999999999787e+00 9.534044247132302807e-01 1.113857737199833053e+00 9.031688030422515556e-01
5.030000000000000249e+00 9.717437746717658698e-01 1.109123087268462537e+00 9.053559143214849891e-01
5.050000000000000711e+00 9.822610281537564880e-01 1.109529875212791561e+00 9.025696998773062862e-01
5.070000000000000284e+00 9.973364365980317281e-01 1.102446568330569976e+00 9.053995045341913794e-01
5.089999999999999858e+00 1.004664960960276243e+00 1.090570318502052105e+00 8.965478428071963490e-01
5.110000000000000320e+00 1.013030212014189413e+00 1.088228087545650036e+00 9.058060427188225905e-01
5.129999999999999893e+00 1.014011551693772661e+00 1.081413958151847376e+00 9.083596585180812033e-01
5.150000000000000355e+00 1.033004690650342727e+00 1.064496068553054453e+00 9.159422555651677289e-01
5.169999999999999929e+00 1.044885581450506029e+00 1.066403500511625468e+00 9.236675759686364673e-01
5.189999999999999503e+00 1.053895130392182633e+00 1.056116522097799049e+00 9.281893446134236170e-01
5.209999999999999964e+00 1.057824576508122227e+00 1.043443309965234045e+00 9.327891547239814951e-01
5.230000000000000426e+00 1.058549428909618007e+00 1.039975625223240829e+00 9.391476313065317827e-01
5.250000000000000000e+00 1.053948034818734225e+00 1.025710006476566738e+00 9.409371483925376145e-01
5.269999999999999574e+00 1.074230502902804973e+00 1.017523954670599862e+00 9.545015035110662183e-01
5.290000000000000036e+00 1.070798733276155268e+00 1.008626044219600448e+00 9.642300541873410902e-01
5.310000000000000497e+00 1.073516969359031847e+00 9.989772122117567266e-01 9.648545772433422263e-01
5.330000000000000071e+00 1.073687691265758914e+00 9.872193560225194231e-01 9.732976587650068456e-01
5.349999999999999645e+00 1.071583332388544640e+00 9.885488852309232133e-01 9.731764225489761833e-01
5.370000000000000107e+00 1.072990480459464102e+00 9.720939756422564137e-01 9.842347461288034616e-01
5.390000000000000568e+00 1.079998155529597881e+00 9.702021669554755645e-01 9.963761665620408658e-01
5.410000000000000142e+00 1.086071757088937773e+00 9.695305471573654188e-01 9.962541702268929988e-01
5.429999999999999716e+00 1.079341896401613488e+00 9.573931542987215160e-01 1.006414971504211664e+00
5.450000000000000178e+00 1.068608757366025230e+00 9.550420645410463427e-01 1.008021095573910619e+00
5.470000000000000639e+00 1.081477047904621624e+00 9.490703669723625779e-01 1.017668440439947863e+00
5.490000000000000213e+00 1.069762109449888143e+00 9.492346979386647732e-01 1.021878396747613493e+00
5.509999999999999787e+00 1.066401236316201651e+00 9.467970132444598619e-01 1.020485989978184627e+00
5.530000000000000249e+00 1.054745971395385284e+00 9.451502321763449732e-01 1.023477061395941856e+00
5.550000000000000711e+00 1.050403848781746863e+00 9.454611428056570732e-01 1.031621491294433701e+00
5.570000000000000284e+00 1.042874104448134220e+00 9.499028647326670516e-01 1.035579124545206176e+00
5.589999999999999858e+00 1.038545689301945352e+00 9.494806493388749935e-01 1.033886583313284646e+00
5.610000000000000320e+00 1.036134977389653766e+00 9.548493883092047385e-01 1.032055592921306220e+00
5.629999999999999893e+00 1.028319221663268612e+00 9.499890319172243913e-01 1.034388829140067134e+00
5.650000000000000355e+00 1.015793208803552394e+00 9.657812469135097500e-01 1.038055665906252090e+00
5.669999999999999929e+00 1.010098779676377179e+00 9.593634699810624777e-01 1.035321482630116918e+00
5.689999999999999503e+00 1.002286008454275068e+00 9.642570721041742177e-01 1.032230655649831741e+00
5.709999999999999964e+00 9.867966127732087367e-01 9.658165368888438351e-01 1.033067721681768525e+00
5.730000000000000426e+00 9.890556533042605958e-01 9.746247192719958985e-01 1.038142508937435426e+00
5.750000000000000000e+00 9.812912189824185560e-01 9.724024207363561878e-01 1.040630865009810613e+00
5.769999999999999574e+00 9.717196185548545584e-01 9.832817065035122095e-01 1.036804389880804589e+00
5.790000000000000036e+00 9.638030671343508216e-01 9.873527460081589213e-01 1.034520235796746235e+00
5.810000000000000497e+00 9.648580970655739053e-01 9.916164906551249159e-01 1.036293592377469874e+00
5.830000000000000071e+00 9.585037220069756447e-01 9.996340743867355716e-01 1.039970030679197466e+00
5.849999999999999645e+00 9.494001826497098229e-01 1.001816562405558608e+00 1.029950498193797026e+00
5.870000000000000107e+00 9.341291637171169615e-01 1.003573137504514046e+00 1.030710403285292065e+00
5.890000000000000568e+00 9.350545230873092972e-01 1.004904750453383011e+00 1.036789009183165966e+00
5.910000000000000142e+00 9.463006179273476537e-01 1.004558254701280129e+00 1.028943903505879387e+00
5.929999999999999716e+00 9.417184531522962976e-01 1.014979553946000479e+00 1.035566679987662386e+00
5.950000000000000178e+00 9.416044542678405627e-01 1.010857150230892287e+00 1.026653573286403942e+00
5.970000000000000639e+00 9.426830070282238294e-01 1.018630740216426744e+00 1.028706466516514650e+00
5.990000000000000213e+00 9.408707868594162749e-01 1.016423581424530820e+00 1.031633522534931569e+00
6.009999999999999787e+00 9.304157997583789586e-01 1.015377839755597922e+00 1.023748114231671114e+00
6.030000000000000249e+00 9.438078775952858379e-01 1.018954871086470426e+00 1.025643574371943867e+00
6.050000000000000711e+00 9.424680392520239369e-01 1.022906794418081855e+00 1.021999072728580815e+00
6.070000000000000284e+00 9.578426075674274509e-01 1.014682162464564108e+00 1.022232212420762121e+00
6.089999999999999858e+00 9.624448636449655092e-01 1.013941055511492717e+00 1.019672129391687943e+00
6.110000000000000320e+00 9.732817215715942050e-01 1.023776331814818974e+00 1.022128052568060275e+00
6.130000000000000782e+00 9.657257360709573524e-01 1.018523823610905543e+00 1.019606460813335724e+00
6.150000000000000355e+00 9.726722409627148735e-01 1.021528999113639813e+00 1.012210128176030732e+00
6.169999999999999929e+00 9.750988118879839739e-01 1.017528563750660364e+00 1.015847210726582128e+00
6.189999999999999503e+00 9.800509804070941522e-01 1.013346200626845661e+00 1.010871579227679673e+00
6.209999999999999964e+00 9.891762961429220180e-01 1.014474646358556331e+00 1.009578148456560465e+00
6.230000000000000426e+00 1.000613240418141592e+00 1.012864495401462728e+00 1.013146301187362708e+00
6.250000000000000000e+00 1.000634294942114755e+00 1.014698901041718004e+00 1.012437271270784978e+00
6.269999999999999574e+00 1.022174002474516730e+00 1.012032328298529960e+00 1.007538309690834355e+00
6.290000000000000036e+00 1.015808826751648519e+00 1.011719415468546934e+00 1.002367417570745323e+00
6.310000000000000497e+00 1.019083165679987246e+00 1.010685231540201290e+00 1.007719928492897266e+00
6.330000000000000071e+00 1.012222356795899669e+00 1.011103715237339884e+00 1.005484131908376488e+00
6.349999999999999645e+00 1.028050056238315468e+00 1.007053902460437689e+00 1.000441787200206267e+00
6.370000000000000107e+00 1.039887217229342742e+00 1.005000087095674788e+00 1.001776480782621714e+00
6.390000000000000568e+00 1.030274236400695598e+00 1.001911540310584492e+00 9.976926201779300341e-01
6.410000000000000142e+00 1.045995920897204501e+00 1.007358015827617859e+00 9.933545849470901690e-01
6.429999999999999716e+00 1.052993632511190381e+00 1.000009945604550143e+00 9.946286022734145416e-01
6.450000000000000178e+00 1.050686760002295994e+00 1.000646215692970520e+00 9.969361925038622285e-01
6.470000000000000639e+00 1.050039527384316163e+00 9.988994915001064845e-01 9.966305815254122846e-01
6.490000000000000213e+00 1.057820360750249433e+00 9.963768258263671074e-01 9.920831513381945799e-01
6.509999999999999787e+00 1.066534437307992134e+00 9.973631926970706330e-01 9.944194975942476367e-01
6.530000000000000249e+00 1.063687684573261683e+00 9.911770113144396932e-01 9.956133037990937407e-01
6.550000000000000711e+00 1.064480945770316600e+00 9.913633354799875619e-01 9.991459401654385619e-01
6.570000000000000284e+00 1.059182409757549514e+00 9.894629336888263182e-01 9.964019139404357572e-01
6.589999999999999858e+00 1.050233486375369951e+00 9.902913035538744024e-01 9.979331515464151536e-01
6.610000000000000320e+00 1.053154129547768658e+00 9.863428457733992571e-01 9.957507113219090655e-01
6.630000000000000782e+00 1.070819246962571913e+00 9.857118906577331252e-01 9.978882217886249073e-01
6.650000000000000355e+00 1.047612498245828361e+00 9.850884655252001298e-01 9.989921992799207784e-01
6.669999999999999929e+00 1.061288312437746795e+00 9.877211056579867643e-01 1.000257737430759075e+00
6.689999999999999503e+00 1.052663164033043719e+00 9.809100127283881809e-01 9.949061663442964054e-01
6.709999999999999964e+00 1.058706919642058875e+00 9.869209730408137204e-01 1.002870844621756685e+00
6.730000000000000426e+00 1.053295902635185799e+00 9.831371540738355064e-01 1.003340525605573852e+00
6.750000000000000000e+00 1.041699263159568289e+00 9.796340917545414140e-01 1.004574443917319204e+00
6.769999999999999574e+00 1.041559347812923697e+00 9.857583995994161352e-01 1.007996568203042953e+00
6.790000000000000036e+00 1.052915543522793929e+00 9.794193505405413003e-01 1.007827494464196283e+00
6.810000000000000497e+00 1.037238076515262897e+00 9.815424241792080062e-01 1.004378366466700978e+00
6.830000000000000071e+00 1.031092992091896976e+00 9.766177458541975831e-01 1.008367258473524375e+00
6.849999999999999645e+00 1.032630736905077784e+00 9.807226542142616355e-01 1.012787804332520913e+00
6.870000000000000107e+00 1.031439319530543353e+00 9.783164546329721212e-01 1.009987875316271877e+00
6.890000000000000568e+00 1.020987664034712639e+00 9.820382301392112101e-01 1.011062795356320265e+00
6.910000000000000142e+00 1.022634663292524948e+00 9.824869203574276844e-01 1.012292663047941854e+00
6.929999999999999716e+00 1.012448209864599935e+00 9.822641269305008027e-01 1.009699974159076197e+00
6.950000000000000178e+00 1.014449330203700095e+00 9.817615326498113637e-01 1.012758590937428371e+00
6.970000000000000639e+00 1.014733890654770931e+00 9.839913564928656209e-01 1.016420405062011367e+00
6.990000000000000213e+00 1.011992271299601009e+00 9.824754090004419460e-01 1.015368844068078369e+00
7.009999999999999787e+00 1.013284451681990550e+00 9.860636885961231446e-01 1.014941780389881476e+00
7.030000000000000249e+00 9.991600405669315288e-01 9.899349690494978482e-01 1.012133588394856565e+00
7.050000000000000711e+00 1.002712875053749508e+00 9.902370159136087979e-01 1.015614787859197232e+00
7.070000000000000284e+00 9.888986001235334777e-01 9.927395494559512201e-01 1.012869702828193441e+00
7.089999999999999858e+00 9.909150228745756683e-01 9.942066955418797924e-01 1.010574784194741449e+00
7.110000000000000320e+00 9.890351578327858384e-01 9.961708981595845946e-01 1.007347837719248629e+00
7.130000000000000782e+00 9.853639818112197579e-01 9.979168589869779060e-01 1.009609288090586698e+00
7.150000000000000355e+00 9.852193965407863852e-01 9.957641946231887697e-01 1.010390863009079654e+00
7.169999999999999929e+00 9.724314845327848289e-01 1.001911165172838958e+00 1.007461221376379168e+00
7.189999999999999503e+00 9.809256676751912929e-01 1.002870065096856944e+00 1.004596506657331911e+00
7.209999999999999964e+00 9.787679973584986204e-01 1.002773576595022531e+00 1.003197749990131227e+00
7.230000000000000426e+00 9.728881773408758482e-01 1.009647765342491788e+00 9.994508988630433910e-01
7.250000000000000000e+00 9.856573322575419294e-01 1.005492241822443455e+00 9.988208229027640828e-01
7.269999999999999574e+00 9.699655973935147335e-01 1.009620344613111342e+00 1.000103651655699366e+00
7.290000000000000036e+00 9.677863333776572929e-01 1.007503676424831740e+00 9.931206540247684567e-01
7.310000000000000497e+00 9.721997978473130297e-01 1.009174724996357186e+00 9.908733495869548324e-01
7.330000000000000071e+00 9.620312567330029374e-01 1.008513160976227452e+00 9.869601406340037242e-01
7.349999999999999645e+00 9.631777163162916766e-01 1.001667752429093339e+00 9.852926223370367387e-01
7.370000000000000107e+00 9.555029342230274558e-01 1.003728607635195447e+00 9.777880280445435668e-01
7.390000000000000568e+00 9.572543827183910281e-01 9.990042984965903372e-01 9.743577935409033497e-01
7.410000000000000142e+00 9.405390189845648230e-01 9.950519753193726169e-01 9.694462786973521151e-01
7.429999999999999716e+00 9.446274601357782519e-01 9.900728573720197767e-01 9.611728680617144249e-01
7.450000000000000178e+00 9.455894162093211319e-01 9.840552766513853689e-01 9.575924210259502134e-01
7.470000000000000639e+00 9.314411455464443046e-01 9.816415694587279361e-01 9.517275976551086147e-01
7.490000000000000213e+00 9.302579592635313865e-01 9.752980423032656665e-01 9.447975761216769186e-01
7.509999999999999787e+00 9.310876418524017817e-01 9.701800600146553988e-01 9.363035224817216617e-01
7.530000000000000249e+00 9.265182813215144808e-01 9.651118713263380222e-01 9.349974610511586626e-01
7.550000000000000711e+00 9.271812895389737186e-01 9.583719089172522132e-01 9.268045475790109844e-01
7.570000000000000284e+00 9.221377419786552787e-01 9.547701309581106965e-01 9.240951245762947242e-01
7.589999999999999858e+00 9.222768578855020660e-01 9.490165229831531990e-01 9.168971002009188576e-01
7.610000000000000320e+00 9.144088765514828410e-01 9.447413926285063157e-01 9.118463361769015840e-01
7.630000000000000782e+00 9.132470856206404974e-01 9.375197882587810172e-01 9.056072373048551505e-01
7.650000000000000355e+00 9.073603018222280436e-01 9.342197507715714888e-01 9.057130782093215648e-01
7.669999999999999929e+00 9.051103805628064602e-01 9.274635351644885395e-01 9.017284063514495740e-01
7.689999999999999503e+00 9.052093619387655554e-01 9.235903282062791764e-01 8.930301689454701597e-01
7.709999999999999964e+00 8.941027591890103876e-01 9.177723532860564415e-01 8.886118471923464268e-01
7.730000000000000426e+00 8.905356294656675553e-01 9.066729597296020460e-01 8.803868911275529729e-01
7.750000000000000000e+00 8.856780831370736351e-01 8.962697005052009391e-01 8.774003358032329558e-01
7.769999999999999574e+00 8.712901347167317789e-01 8.882597444947039067e-01 8.675710103211365931e-01
7.790000000000000036e+00 8.584619327897685670e-01 8.783880070987207800e-01 8.605452215138217342e-01
7.810000000000000497e+00 8.691269577594463724e-01 8.710266805209186947e-01 8.517414331430026575e-01
7.830000000000000071e+00 8.546661737629168698e-01 8.633824600591798459e-01 8.489452349461308334e-01
7.849999999999999645e+00 8.485940694025194686e-01 8.553067141028003473e-01 8.401394718678287798e-01
7.870000000000000107e+00 8.456616189207865064e-01 8.476024873701702989e-01 8.344868316871091318e-01
7.890000000000000568e+00 8.334484248560507513e-01 8.373823854939189681e-01 8.289458786395202949e-01
7.910000000000000142e+00 8.347827470668535144e-01 8.327088108687774604e-01 8.204462219291297487e-01
7.929999999999999716e+00 8.272207593303220197e-01 8.212435137266502760e-01 8.154446853318656485e-01
7.950000000000000178e+00 8.169313772333767210e-01 8.181708165584300474e-01 8.065488373403049138e-01
7.970000000000000639e+00 8.123312501574987410e-01 8.055549407761007918e-01 8.014900787070847743e-01
7.990000000000000213e+00 8.006515313579348758e-01 8.010259092776120804e-01 7.940931543398256354e-01
