r_A g_Fe_Fe g_Fe_B g_B_B
1.000000000000000021e-02 0.000000000000000000e+00 0.000000000000000000e+00 0.000000000000000000e+00
2.999999999999999889e-02 0.000000000000000000e+00 0.000000000000000000e+00 0.000000000000000000e+00
5.000000000000000278e-02 0.000000000000000000e+00 0.000000000000000000e+00 0.000000000000000000e+00
7.000000000000000666e-02 0.000000000000000000e+00 0.000000000000000000e+00 0.000000000000000000e+00
8.999999999999999667e-02 0.000000000000000000e+00 0.000000000000000000e+00 0.000000000000000000e+00
1.100000000000000006e-01 0.000000000000000000e+00 0.000000000000000000e+00 0.000000000000000000e+00
1.300000000000000044e-01 0.000000000000000000e+00 0.000000000000000000e+00 0.000000000000000000e+00
1.500000000000000222e-01 0.000000000000000000e+00 0.000000000000000000e+00 0.000000000000000000e+00
1.699999999999999845e-01 0.000000000000000000e+00 0.000000000000000000e+00 0.000000000000000000e+00
1.900000000000000022e-01 0.000000000000000000e+00 0.000000000000000000e+00 0.000000000000000000e+00
2.100000000000000200e-01 0.000000000000000000e+00 0.000000000000000000e+00 0.000000000000000000e+00
2.299999999999999822e-01 0.000000000000000000e+00 0.000000000000000000e+00 0.000000000000000000e+00
2.500000000000000000e-01 0.000000000000000000e+00 0.000000000000000000e+00 0.000000000000000000e+00
2.700000000000000178e-01 0.000000000000000000e+00 0.000000000000000000e+00 0.000000000000000000e+00
2.900000000000000355e-01 0.000000000000000000e+00 0.000000000000000000e+00 0.000000000000000000e+00
3.099999999999999978e-01 0.000000000000000000e+00 0.000000000000000000e+00 0.000000000000000000e+00
3.300000000000000155e-01 0.000000000000000000e+00 0.000000000000000000e+00 0.000000000000000000e+00
3.499999999999999778e-01 0.000000000000000000e+00 0.000000000000000000e+00 0.000000000000000000e+00
3.699999999999999956e-01 0.000000000000000000e+00 0.000000000000000000e+00 0.000000000000000000e+00
3.900000000000000133e-01 0.000000000000000000e+00 0.000000000000000000e+00 0.000000000000000000e+00
4.100000000000000311e-01 0.000000000000000000e+00 0.000000000000000000e+00 0.000000000000000000e+00
4.299999999999999933e-01 0.000000000000000000e+00 0.000000000000000000e+00 0.000000000000000000e+00
4.500000000000000111e-01 0.000000000000000000e+00 0.000000000000000000e+00 0.000000000000000000e+00
4.699999999999999734e-01 0.000000000000000000e+00 0.000000000000000000e+00 0.000000000000000000e+00
4.899999999999999911e-01 0.000000000000000000e+00 0.000000000000000000e+00 0.000000000000000000e+00
5.100000000000000089e-01 0.000000000000000000e+00 0.000000000000000000e+00 0.000000000000000000e+00
5.300000000000000266e-01 0.000000000000000000e+00 0.000000000000000000e+00 0.000000000000000000e+00
5.500000000000000444e-01 0.000000000000000000e+00 0.000000000000000000e+00 0.000000000000000000e+00
5.700000000000000622e-01 0.000000000000000000e+00 0.000000000000000000e+00 0.000000000000000000e+00
5.899999999999999689e-01 0.000000000000000000e+00 0.000000000000000000e+00 0.000000000000000000e+00
6.099999999999999867e-01 0.000000000000000000e+00 0.000000000000000000e+00 0.000000000000000000e+00
6.300000000000000044e-01 0.000000000000000000e+00 0.000000000000000000e+00 0.000000000000000000e+00
6.500000000000000222e-01 0.000000000000000000e+00 0.000000000000000000e+00 0.000000000000000000e+00
6.700000000000000400e-01 0.000000000000000000e+00 0.000000000000000000e+00 0.000000000000000000e+00
6.900000000000000577e-01 0.000000000000000000e+00 0.000000000000000000e+00 0.000000000000000000e+00
7.099999999999999645e-01 0.000000000000000000e+00 0.000000000000000000e+00 0.000000000000000000e+00
7.299999999999999822e-01 0.000000000000000000e+00 0.000000000000000000e+00 0.000000000000000000e+00
7.500000000000000000e-01 0.000000000000000000e+00 0.000000000000000000e+00 0.000000000000000000e+00
7.700000000000000178e-01 0.000000000000000000e+00 0.000000000000000000e+00 0.000000000000000000e+00
7.900000000000000355e-01 0.000000000000000000e+00 0.000000000000000000e+00 0.000000000000000000e+00
8.100000000000000533e-01 0.000000000000000000e+00 0.000000000000000000e+00 0.000000000000000000e+00
8.300000000000000711e-01 0.000000000000000000e+00 0.000000000000000000e+00 0.000000000000000000e+00
8.499999999999999778e-01 0.000000000000000000e+00 0.000000000000000000e+00 0.000000000000000000e+00
8.699999999999999956e-01 0.000000000000000000e+00 0.000000000000000000e+00 0.000000000000000000e+00
8.900000000000000133e-01 0.000000000000000000e+00 0.000000000000000000e+00 0.000000000000000000e+00
9.100000000000000311e-01 0.000000000000000000e+00 0.000000000000000000e+00 0.000000000000000000e+00
9.300000000000000488e-01 0.000000000000000000e+00 0.000000000000000000e+00 0.000000000000000000e+00
9.499999999999999556e-01 0.000000000000000000e+00 0.000000000000000000e+00 0.000000000000000000e+00
9.699999999999999734e-01 0.000000000000000000e+00 0.000000000000000000e+00 0.000000000000000000e+00
9.899999999999999911e-01 0.000000000000000000e+00 0.000000000000000000e+00 0.000000000000000000e+00
1.010000000000000009e+00 0.000000000000000000e+00 0.000000000000000000e+00 0.000000000000000000e+00
1.030000000000000027e+00 0.000000000000000000e+00 0.000000000000000000e+00 0.000000000000000000e+00
1.050000000000000044e+00 0.000000000000000000e+00 0.000000000000000000e+00 0.000000000000000000e+00
1.070000000000000062e+00 0.000000000000000000e+00 0.000000000000000000e+00 0.000000000000000000e+00
1.090000000000000080e+00 0.000000000000000000e+00 0.000000000000000000e+00 0.000000000000000000e+00
1.110000000000000098e+00 0.000000000000000000e+00 0.000000000000000000e+00 0.000000000000000000e+00
1.130000000000000115e+00 0.000000000000000000e+00 0.000000000000000000e+00 0.000000000000000000e+00
1.149999999999999911e+00 0.000000000000000000e+00 0.000000000000000000e+00 0.000000000000000000e+00
1.169999999999999929e+00 0.000000000000000000e+00 0.000000000000000000e+00 0.000000000000000000e+00
1.189999999999999947e+00 0.000000000000000000e+00 0.000000000000000000e+00 0.000000000000000000e+00
1.209999999999999964e+00 0.000000000000000000e+00 0.000000000000000000e+00 0.000000000000000000e+00
1.229999999999999982e+00 0.000000000000000000e+00 0.000000000000000000e+00 0.000000000000000000e+00
1.250000000000000000e+00 0.000000000000000000e+00 0.000000000000000000e+00 0.000000000000000000e+00
1.270000000000000018e+00 0.000000000000000000e+00 0.000000000000000000e+00 0.000000000000000000e+00
1.290000000000000036e+00 0.000000000000000000e+00 0.000000000000000000e+00 0.000000000000000000e+00
1.310000000000000053e+00 0.000000000000000000e+00 0.000000000000000000e+00 1.791343409383890485e-04
1.330000000000000071e+00 0.000000000000000000e+00 0.000000000000000000e+00 0.000000000000000000e+00
1.350000000000000089e+00 0.000000000000000000e+00 0.000000000000000000e+00 0.000000000000000000e+00
1.370000000000000107e+00 0.000000000000000000e+00 0.000000000000000000e+00 1.801663644554802766e-03
1.390000000000000124e+00 0.000000000000000000e+00 0.000000000000000000e+00 3.023057341946183609e-03
1.410000000000000142e+00 0.000000000000000000e+00 0.000000000000000000e+00 7.267452941066835335e-03
1.429999999999999938e+00 0.000000000000000000e+00 0.000000000000000000e+00 2.119677723236206707e-02
1.449999999999999956e+00 0.000000000000000000e+00 0.000000000000000000e+00 4.649584098581560632e-02
1.469999999999999973e+00 0.000000000000000000e+00 0.000000000000000000e+00 8.905592965931198590e-02
1.489999999999999991e+00 0.000000000000000000e+00 0.000000000000000000e+00 1.642235775166986655e-01
1.510000000000000009e+00 0.000000000000000000e+00 0.000000000000000000e+00 2.776041665672688841e-01
1.530000000000000027e+00 0.000000000000000000e+00 0.000000000000000000e+00 4.375682722897084043e-01
1.550000000000000044e+00 0.000000000000000000e+00 0.000000000000000000e+00 6.470731940127896209e-01
1.570000000000000062e+00 0.000000000000000000e+00 1.862956085459045632e-04 8.995817402119583583e-01
1.590000000000000080e+00 0.000000000000000000e+00 9.081923198112259717e-05 1.156892616660620376e+00
1.610000000000000098e+00 0.000000000000000000e+00 4.428844857759581385e-04 1.478544839275344192e+00
1.630000000000000115e+00 0.000000000000000000e+00 2.851747583710755474e-03 1.728042608351775922e+00
1.650000000000000133e+00 0.000000000000000000e+00 5.566068279602751946e-03 1.991843681038516722e+00
1.669999999999999929e+00 0.000000000000000000e+00 1.317224043672875558e-02 2.206984083884376613e+00
1.689999999999999947e+00 0.000000000000000000e+00 2.821671414105401607e-02 2.384103634943688821e+00
1.709999999999999964e+00 0.000000000000000000e+00 5.103803964416319533e-02 2.488566846819671774e+00
1.729999999999999982e+00 0.000000000000000000e+00 9.052379738766885842e-02 2.566328150038622802e+00
1.750000000000000000e+00 0.000000000000000000e+00 1.567656863524403976e-01 2.577167166021369304e+00
1.770000000000000018e+00 0.000000000000000000e+00 2.469037336100106395e-01 2.498060808029354707e+00
1.790000000000000036e+00 0.000000000000000000e+00 3.600118950918653193e-01 2.405708034414473673e+00
1.810000000000000053e+00 0.000000000000000000e+00 5.163056779168750943e-01 2.320464150004026394e+00
1.830000000000000071e+00 0.000000000000000000e+00 7.044547926416032668e-01 2.193922468567524930e+00
1.850000000000000089e+00 0.000000000000000000e+00 9.237704238992675565e-01 2.059077013333026063e+00
1.870000000000000107e+00 0.000000000000000000e+00 1.192356959999555377e+00 1.900544863379381111e+00
1.890000000000000124e+00 0.000000000000000000e+00 1.451870622975430569e+00 1.750291804072620083e+00
1.910000000000000142e+00 1.899989540373578823e-04 1.754813714580557127e+00 1.607904704814235197e+00
1.929999999999999938e+00 5.582447701703175530e-04 2.051425088312571088e+00 1.460284231687196899e+00
1.949999999999999956e+00 1.275988978221975463e-03 2.327590737520124797e+00 1.326192623471518450e+00
1.969999999999999973e+00 2.143221100662815598e-03 2.584366327621592241e+00 1.220506128387498057e+00
1.989999999999999991e+00 4.550775930669609913e-03 2.813007444717331662e+00 1.115984423335446563e+00
2.009999999999999787e+00 1.132322534482224814e-02 3.026001155838208945e+00 1.003490158478297589e+00
2.030000000000000249e+00 1.867021429893497148e-02 3.182737502559412679e+00 9.238367443578402449e-01
2.049999999999999822e+00 2.704921052546846102e-02 3.247526772513398718e+00 8.327479982121871460e-01
2.070000000000000284e+00 4.464644930363224212e-02 3.334843075172682969e+00 7.865298725648293132e-01
2.089999999999999858e+00 6.997849788481681765e-02 3.361838048313593230e+00 7.111648918809850839e-01
2.110000000000000320e+00 9.746037629200862695e-02 3.348175524464083175e+00 6.511385494269646967e-01
2.129999999999999893e+00 1.391803396852509533e-01 3.306697996273443074e+00 6.096284128972685457e-01
2.150000000000000355e+00 1.958326217695743610e-01 3.204983230011174467e+00 5.730011794026450556e-01
2.169999999999999929e+00 2.499407431447878414e-01 3.085472843009114730e+00 5.427718997038385451e-01
2.190000000000000391e+00 3.384679534979945226e-01 2.987103435642511240e+00 5.070083508533073102e-01
2.209999999999999964e+00 4.426391020893981620e-01 2.814771001253123739e+00 4.764729446040333882e-01
2.230000000000000426e+00 5.533498320031559059e-01 2.706749207750009489e+00 4.526956007867228848e-01
2.250000000000000000e+00 6.641792320379580339e-01 2.543192219562989909e+00 4.372144206054827120e-01
2.270000000000000462e+00 8.031829122166121993e-01 2.389231242260769772e+00 4.244731828416474229e-01
2.290000000000000036e+00 9.376470071893827640e-01 2.252496524950865719e+00 4.150394793853054987e-01
2.310000000000000053e+00 1.085279736681545648e+00 2.089267409783354790e+00 4.102458440792272065e-01
2.330000000000000071e+00 1.223386181612807988e+00 1.947780787864891616e+00 3.986465662896263584e-01
2.349999999999999645e+00 1.399829911077846933e+00 1.838975870404909285e+00 3.966773006689074399e-01
2.370000000000000107e+00 1.504642127937098284e+00 1.692673804341941812e+00 3.841544339608375935e-01
2.389999999999999680e+00 1.666437371933126466e+00 1.576917024926429489e+00 3.857709651198315548e-01
2.410000000000000142e+00 1.802269782193824055e+00 1.465109464552034391e+00 3.802945241026677303e-01
2.429999999999999716e+00 1.925675694044090669e+00 1.351893593461530818e+00 3.908240619899874257e-01
2.450000000000000178e+00 2.012033441653380272e+00 1.259185903741519619e+00 3.927149196518731622e-01
2.469999999999999751e+00 2.097398030078937214e+00 1.166882866581326228e+00 3.868848339888945054e-01
2.490000000000000213e+00 2.201683143278807986e+00 1.086073503028297305e+00 3.985941098843145403e-01
2.509999999999999787e+00 2.222296699397319664e+00 1.005786192518276945e+00 4.132494357301266796e-01
2.530000000000000249e+00 2.319736328299926154e+00 9.407333763589064146e-01 4.124089066958140370e-01
2.549999999999999822e+00 2.314190727522452029e+00 8.795317169761669440e-01 4.440229050427813573e-01
2.570000000000000284e+00 2.329104937706126144e+00 8.247719594419723466e-01 4.396988746119772640e-01
2.589999999999999858e+00 2.330988177602629108e+00 7.747411294277989358e-01 4.784871583800416328e-01
2.610000000000000320e+00 2.270777521462931769e+00 7.307586577694126229e-01 4.890528686801303704e-01
2.629999999999999893e+00 2.272046999650057408e+00 7.039194525847639605e-01 5.071986048251028167e-01
2.650000000000000355e+00 2.216759195451274422e+00 6.656415647374639422e-01 5.255746464757106162e-01
2.669999999999999929e+00 2.183771085465897599e+00 6.318412514463229712e-01 5.527891004233015382e-01
2.690000000000000391e+00 2.089444075340948892e+00 5.998889920818409882e-01 5.754005353953436375e-01
2.709999999999999964e+00 2.044843610133450174e+00 5.798749313094337943e-01 6.099700155320487704e-01
2.730000000000000426e+00 1.937056308069002863e+00 5.496907625427284172e-01 6.430559424222859199e-01
2.750000000000000000e+00 1.885428272309275899e+00 5.373220817098287583e-01 6.647932002269630880e-01
2.770000000000000462e+00 1.774016862881623968e+00 5.173820630406713583e-01 7.027053829878470159e-01
2.790000000000000036e+00 1.711987480843180531e+00 5.077198022570170721e-01 7.364250987831542083e-01
2.810000000000000053e+00 1.624237706900306666e+00 4.879856413323681585e-01 7.640557869004086511e-01
2.830000000000000071e+00 1.530566834207529592e+00 4.816860861121052273e-01 8.109096600039596980e-01
2.849999999999999645e+00 1.469906265613219354e+00 4.816769762701784141e-01 8.466508699521780867e-01
2.870000000000000107e+00 1.392857988979693040e+00 4.710289005038214571e-01 8.852766528742230800e-01
2.889999999999999680e+00 1.323105699205255004e+00 4.680508195749850664e-01 9.272831006717338065e-01
2.910000000000000142e+00 1.251367580404800339e+00 4.678754355031958800e-01 9.671474969877698058e-01
2.929999999999999716e+00 1.153280177243024340e+00 4.639704123866890684e-01 1.001830139403183439e+00
2.950000000000000178e+00 1.101774189724505471e+00 4.719213345690183581e-01 1.053149102045773722e+00
2.969999999999999751e+00 1.049974714368570483e+00 4.749835097446471477e-01 1.096203589448814242e+00
2.990000000000000213e+00 9.841842504316914431e-01 4.810550384661598788e-01 1.105726966263322453e+00
3.009999999999999787e+00 9.429187065084129182e-01 4.890525332173248918e-01 1.146015907086184393e+00
3.030000000000000249e+00 8.809854155676802856e-01 5.043502776667516674e-01 1.184210713842333673e+00
3.049999999999999822e+00 8.325864621241987340e-01 5.127394015688809814e-01 1.206073874909318722e+00
3.070000000000000284e+00 8.020641762378335482e-01 5.235231952649939124e-01 1.237184393412211758e+00
3.089999999999999858e+00 7.622417576191993227e-01 5.487264984267634649e-01 1.257313450862503679e+00
3.110000000000000320e+00 7.158493767519781281e-01 5.612997429703473484e-01 1.271230084177386255e+00
3.129999999999999893e+00 6.797035697056790227e-01 5.811949280029857778e-01 1.286132924528891941e+00
3.150000000000000355e+00 6.639047470266754569e-01 6.038270082360301938e-01 1.283330083313051428e+00
3.169999999999999929e+00 6.312051057006138333e-01 6.347315357114264867e-01 1.309619084186049331e+00
3.190000000000000391e+00 5.964099455677873696e-01 6.583178734846536484e-01 1.301768208784947589e+00
3.209999999999999964e+00 5.793818555419382177e-01 6.782607888835012755e-01 1.305616317455314146e+00
3.230000000000000426e+00 5.649873603788350129e-01 7.174455853587656806e-01 1.299810957161828595e+00
3.250000000000000000e+00 5.577925970037048709e-01 7.377057281759414886e-01 1.297774561379223091e+00
3.270000000000000462e+00 5.496938852377040163e-01 7.701941394371573102e-01 1.290400645659474099e+00
3.290000000000000036e+00 5.402133973913295639e-01 7.980434648699021860e-01 1.286460914229508257e+00
3.310000000000000497e+00 5.438905720513809161e-01 8.308447262388778398e-01 1.260327203482085157e+00
3.330000000000000071e+00 5.325639132067544468e-01 8.623472406348640096e-01 1.249253479891670349e+00
3.349999999999999645e+00 5.317208821847820843e-01 8.902989554427827024e-01 1.238956215770864011e+00
3.370000000000000107e+00 5.452639489717967525e-01 9.232497650533345590e-01 1.232820852195029682e+00
3.389999999999999680e+00 5.547721639877158939e-01 9.580804595081462427e-01 1.217380984021994683e+00
3.410000000000000142e+00 5.611592212524899592e-01 9.825550592624636703e-01 1.199838089588032064e+00
3.429999999999999716e+00 5.686561697862319020e-01 1.013928473495721239e+00 1.177890843657230624e+00
3.450000000000000178e+00 5.857255080070680187e-01 1.027824372038754097e+00 1.161432683020302115e+00
3.469999999999999751e+00 6.076031246840947198e-01 1.053327580077277892e+00 1.157989101223599215e+00
3.490000000000000213e+00 6.290560312440252044e-01 1.069452516334622683e+00 1.127037074760456337e+00
3.509999999999999787e+00 6.551579234704192345e-01 1.087323044229703051e+00 1.125109274023118111e+00
3.530000000000000249e+00 6.779595548401783356e-01 1.097885077600224024e+00 1.111286134954139415e+00
3.549999999999999822e+00 7.075222295045017207e-01 1.115883735060456905e+00 1.101166064075214779e+00
3.570000000000000284e+00 7.454097554446572627e-01 1.120548391123806331e+00 1.095423528033398819e+00
3.589999999999999858e+00 7.854769656384850141e-01 1.122171895530258867e+00 1.080485353495940659e+00
3.610000000000000320e+00 8.167412710431125600e-01 1.123814062568963879e+00 1.063993683311436067e+00
3.629999999999999893e+00 8.463765228832677012e-01 1.141382664314833484e+00 1.066369578922568007e+00
3.650000000000000355e+00 8.951895748420720667e-01 1.127943546799079266e+00 1.067983549524674114e+00
3.669999999999999929e+00 9.359952721343501869e-01 1.128076485208314939e+00 1.054298140091810332e+00
3.690000000000000391e+00 9.642595517746852529e-01 1.117044701137487550e+00 1.056853336383548392e+00
3.709999999999999964e+00 1.012206447350729066e+00 1.111739451858595906e+00 1.059403978480365494e+00
3.730000000000000426e+00 1.049556696620808971e+00 1.097802950214881834e+00 1.060182101857469528e+00
3.750000000000000000e+00 1.081372139177273040e+00 1.081666954670571501e+00 1.063878332804351734e+00
3.770000000000000462e+00 1.112991621215200677e+00 1.076278796202020160e+00 1.068496507871411483e+00
3.790000000000000036e+00 1.137853332594988220e+00 1.059307131264133783e+00 1.063391599306660273e+00
3.810000000000000497e+00 1.171635243690298367e+00 1.053118312774488530e+00 1.070596604985966316e+00
3.830000000000000071e+00 1.206966681199396874e+00 1.036795329881534000e+00 1.079395824779271429e+00
3.849999999999999645e+00 1.224247199898103489e+00 1.026469667271707742e+00 1.082147714375667258e+00
3.870000000000000107e+00 1.243513543113122566e+00 1.013128118961260649e+00 1.073413734502747019e+00
3.889999999999999680e+00 1.255586487263273598e+00 9.933449321823888400e-01 1.096473726136084847e+00
3.910000000000000142e+00 1.279589379716781217e+00 9.837344914079507729e-01 1.101211092087692300e+00
3.929999999999999716e+00 1.289576398689455505e+00 9.611857238849407237e-01 1.100600489154109907e+00
3.950000000000000178e+00 1.291832663158943628e+00 9.667076712009936568e-01 1.106684221582650451e+00
3.969999999999999751e+00 1.284830600201938733e+00 9.573562949969947056e-01 1.102895774800265016e+00
3.990000000000000213e+00 1.302415935910758993e+00 9.413793615425160022e-01 1.114247245938355668e+00
4.009999999999999787e+00 1.281180432819340131e+00 9.419218864446046169e-01 1.108857435400568248e+00
4.030000000000000249e+00 1.294871003408388566e+00 9.328222007145025030e-01 1.104276611732472935e+00
4.050000000000000711e+00 1.290100556932243236e+00 9.317087713073500810e-01 1.103105551030668430e+00
4.070000000000000284e+00 1.273728506405567229e+00 9.419934174324352538e-01 1.097784159795430536e+00
4.089999999999999858e+00 1.245059200777888453e+00 9.352052853606588334e-01 1.100544738121262744e+00
4.109999999999999432e+00 1.248933332013776987e+00 9.309509644258334715e-01 1.092061990194987064e+00
4.129999999999999893e+00 1.231421088128803465e+00 9.372614796357454647e-01 1.087494410482029883e+00
4.150000000000000355e+00 1.199055030514487141e+00 9.413143424025843808e-01 1.086087652358955324e+00
4.169999999999999929e+00 1.185866881596191691e+00 9.473195439635081483e-01 1.080503228347243994e+00
4.189999999999999503e+00 1.178047364254008356e+00 9.507087606712272265e-01 1.067761315681102774e+00
4.209999999999999964e+00 1.146897334954164238e+00 9.602737876382174687e-01 1.060224780331772809e+00
4.230000000000000426e+00 1.132978566750922678e+00 9.680759904305599184e-01 1.044810720597921128e+00
4.250000000000000000e+00 1.107105654089532765e+00 9.763120098363016197e-01 1.050709522034044996e+00
4.269999999999999574e+00 1.080107980202794637e+00 9.899805781388727466e-01 1.033960167173067157e+00
4.290000000000000036e+00 1.062226783848997602e+00 9.975262920815519685e-01 1.019347575456642341e+00
4.310000000000000497e+00 1.051085446939846957e+00 9.994511868599279536e-01 1.018001752929106329e+00
4.330000000000000071e+00 1.025205385323622709e+00 1.018271265202288056e+00 1.015440292925919419e+00
4.349999999999999645e+00 1.000451725626817057e+00 1.019352367540759197e+00 1.004938423247739188e+00
4.370000000000000107e+00 9.952352075965479328e-01 1.032790863669493797e+00 9.959541409519721000e-01
4.390000000000000568e+00 9.721969039999314166e-01 1.044155650603727503e+00 9.945567696029973259e-01
4.410000000000000142e+00 9.612603712999088224e-01 1.046382398951617443e+00 9.818416511690762905e-01
4.429999999999999716e+00 9.453599430315190455e-01 1.057371330531751363e+00 9.813612331778711617e-01
4.450000000000000178e+00 9.418868172592466115e-01 1.057013220450632618e+00 9.720475479257334461e-01
4.470000000000000639e+00 9.368768040725576896e-01 1.068133263402703648e+00 9.562758536822116850e-01
4.490000000000000213e+00 9.120801868123105116e-01 1.076678934733064752e+00 9.646561331235664616e-01
4.509999999999999787e+00 9.024411672336229984e-01 1.065130280441668020e+00 9.583713778450475562e-01
4.530000000000000249e+00 9.029682952003384999e-01 1.077675839231155175e+00 9.453884730173084394e-01
4.550000000000000711e+00 9.046900996801774397e-01 1.081043315185401532e+00 9.490493426824080370e-01
4.570000000000000284e+00 8.944325365601132338e-01 1.072118654009177607e+00 9.497544467106490140e-01
4.589999999999999858e+00 8.987292103469960436e-01 1.077225058166090488e+00 9.379937733757565121e-01
4.610000000000000320e+00 8.847185602216832701e-01 1.065694524035482926e+00 9.421826335857720336e-01
4.629999999999999893e+00 8.919006894330928636e-01 1.077768166117450299e+00 9.383195772170777049e-01
4.650000000000000355e+00 8.911050156355437846e-01 1.073454688329077200e+00 9.403029380855059127e-01
4.669999999999999929e+00 8.996660513657847025e-01 1.071965313759435379e+00 9.406392255107254297e-01
4.689999999999999503e+00 9.080489587071840507e-01 1.059522867753531994e+00 9.310824955280653237e-01
4.709999999999999964e+00 9.081336603990841638e-01 1.069473845692195502e+00 9.326428832347354314e-01
4.730000000000000426e+00 9.191828079478758795e-01 1.063455728011715395e+00 9.355177062248261066e-01
4.750000000000000000e+00 9.181250654182093740e-01 1.058060530770375651e+00 9.313350559866975242e-01
4.769999999999999574e+00 9.165348217154807298e-01 1.055402482079312865e+00 9.354313194428210965e-01
4.790000000000000036e+00 9.365694059580315090e-01 1.052891940950852367e+00 9.310929329753816486e-01
4.810000000000000497e+00 9.405411218709658350e-01 1.046704768410492870e+00 9.346603315230705977e-01
4.830000000000000071e+00 9.444150729548660417e-01 1.045101230031963979e+00 9.334060919739766149e-01
4.849999999999999645e+00 9.464252401856880770e-01 1.044035104066225017e+00 9.314088407080335363e-01
4.870000000000000107e+00 9.608791530001083991e-01 1.034925671599937758e+00 9.280129523676510228e-01
4.890000000000000568e+00 9.609777291121457399e-01 1.028445745791434662e+00 9.299895118140409922e-01
4.910000000000000142e+00 9.677993853241850797e-01 1.031960731081685179e+00 9.358944028526645642e-01
4.929999999999999716e+00 9.727107890158646075e-01 1.029792454274444102e+00 9.293408721437287356e-01
4.950000000000000178e+00 9.789823840074746153e-01 1.016689980911063662e+00 9.358103639255808126e-01
4.970000000000000639e+00 9.795094575627584232e-01 1.015932211995976608e+00 9.323137904384086738e-01
4.990000000000000213e+00 9.851186270859999539e-01 1.012756453215653663e+00 9.368186472699300271e-01
5.009999999999999787e+00 9.890331306362858399e-01 1.020539317435115167e+00 9.344490315951606840e-01
5.030000000000000249e+00 9.988814458903481075e-01 1.010996934588598517e+00 9.330472947370878067e-01
5.050000000000000711e+00 9.980518143921774943e-01 1.010072378330698184e+00 9.358333468967312552e-01
5.070000000000000284e+00 1.005051065726116244e+00 1.007031836340698261e+00 9.379485102348821268e-01
5.089999999999999858e+00 1.010036939918986132e+00 1.006631011511109453e+00 9.418763800189311475e-01
5.110000000000000320e+00 1.007747020716201147e+00 1.007735573268548457e+00 9.429828027499737031e-01
5.129999999999999893e+00 1.007463744005399064e+00 9.933848062597274708e-01 9.477580558290127355e-01
5.150000000000000355e+00 1.004175179442505561e+00 9.899520431417068167e-01 9.491506236931667173e-01
5.169999999999999929e+00 1.014366090156857858e+00 9.926930458875916630e-01 9.509878757196905674e-01
5.189999999999999503e+00 1.011092281488548350e+00 9.963001161785586257e-01 9.625723225762010671e-01
5.209999999999999964e+00 1.007455716304623383e+00 9.903827790039627654e-01 9.642906291611360592e-01
5.230000000000000426e+00 1.011954111956136826e+00 9.851645945447268238e-01 9.647632201908507010e-01
5.250000000000000000e+00 1.014896268218269615e+00 9.840122143020403334e-01 9.695058818841120196e-01
5.269999999999999574e+00 1.003014845906208485e+00 9.872801113448315125e-01 9.761855901558972315e-01
5.290000000000000036e+00 1.016374839671201569e+00 9.768998764940243218e-01 9.820336881836860821e-01
5.310000000000000497e+00 1.005832182578289657e+00 9.751165171582319990e-01 9.780735083002691788e-01
5.330000000000000071e+00 1.004007194193732966e+00 9.789655712590848990e-01 9.840896743926228485e-01
5.349999999999999645e+00 1.013950617182203029e+00 9.729995261955339814e-01 9.861221541863968154e-01
5.370000000000000107e+00 1.014872865104263777e+00 9.811481785347052620e-01 9.969240701920322190e-01
5.390000000000000568e+00 1.007164454498316486e+00 9.863437021334773291e-01 9.991899118280900272e-01
5.410000000000000142e+00 1.014059431148586210e+00 9.731180752705654857e-01 1.003369721747803256e+00
5.429999999999999716e+00 9.991980218403341274e-01 9.820977693685225551e-01 1.009671326737212382e+00
5.450000000000000178e+00 1.007746475923829710e+00 9.835606421780346276e-01 1.003899435571115717e+00
5.470000000000000639e+00 9.968694976764986837e-01 9.821596668593950419e-01 1.001503427485754827e+00
5.490000000000000213e+00 9.998763630384875922e-01 9.802044774654826709e-01 1.013119725439028951e+00
5.509999999999999787e+00 9.926537446150112132e-01 9.885823266179466495e-01 1.014840835818422216e+00
5.530000000000000249e+00 9.993127427776762328e-01 9.841399685840090950e-01 1.015042907324675392e+00
5.550000000000000711e+00 9.931360970630555007e-01 9.872644279819219326e-01 1.016563054024179902e+00
5.570000000000000284e+00 9.949757877379029614e-01 9.853899159757779636e-01 1.019313462183840668e+00
5.589999999999999858e+00 9.916175814014307477e-01 9.918492431345125038e-01 1.020365449233198385e+00
5.610000000000000320e+00 9.814985022212675547e-01 9.925376073742242511e-01 1.015632993065709089e+00
5.629999999999999893e+00 9.822568750308158236e-01 9.971389916945641030e-01 1.025101983426097485e+00
5.650000000000000355e+00 9.799400787100585042e-01 9.981477132185417878e-01 1.021372477210399365e+00
5.669999999999999929e+00 9.756047997821991613e-01 9.997244724241096669e-01 1.022202530261284714e+00
5.689999999999999503e+00 9.808759878715285208e-01 9.982262648925667170e-01 1.025151110101516050e+00
5.709999999999999964e+00 9.766316389368949746e-01 1.004689150447330093e+00 1.018519693117840852e+00
5.730000000000000426e+00 9.807192330208138742e-01 1.008051596211033907e+00 1.017245879045694190e+00
5.750000000000000000e+00 9.818542791124965641e-01 1.010822193165383798e+00 1.019972588908349964e+00
5.769999999999999574e+00 9.860313323157324783e-01 1.011599213661853680e+00 1.014659160904306079e+00
5.790000000000000036e+00 9.708160533228348266e-01 1.016067191600765529e+00 1.019463410390468283e+00
5.810000000000000497e+00 9.863408366531538629e-01 1.020102887189550334e+00 1.020990111978287151e+00
5.830000000000000071e+00 9.752005761064349576e-01 1.015824756525357975e+00 1.018058109688896096e+00
5.849999999999999645e+00 9.814659636366466211e-01 1.022651233965480744e+00 1.013839743524247883e+00
5.870000000000000107e+00 9.766802702136987424e-01 1.020132328253052778e+00 1.010342113043831036e+00
5.890000000000000568e+00 9.811475176204910165e-01 1.021727343989257575e+00 1.005796307920513000e+00
5.910000000000000142e+00 9.768598531850679612e-01 1.023882210269802195e+00 1.010512716747384854e+00
5.929999999999999716e+00 9.835867281900383396e-01 1.023288201204427539e+00 1.011750754903135041e+00
5.950000000000000178e+00 9.953700566430913055e-01 1.025402938433151778e+00 1.004343977420231404e+00
5.970000000000000639e+00 9.890815980728253631e-01 1.019555494216995095e+00 1.012280590019337012e+00
5.990000000000000213e+00 9.973628005832503307e-01 1.019842365729704881e+00 1.014065734523908358e+00
6.009999999999999787e+00 9.999853584356844793e-01 1.021297894204170387e+00 1.016119642916413879e+00
6.030000000000000249e+00 1.014465492395963286e+00 1.021991846711799212e+00 1.013008982143697168e+00
6.050000000000000711e+00 1.016006962125484581e+00 1.021619291830929921e+00 1.007666291184949658e+00
6.070000000000000284e+00 1.015116948295798904e+00 1.018256972529165916e+00 1.004532889025517628e+00
6.089999999999999858e+00 1.015898704602764990e+00 1.014706227198878485e+00 1.013818982245469735e+00
6.110000000000000320e+00 1.012693741679486559e+00 1.014162962691282699e+00 1.005710494487295437e+00
6.130000000000000782e+00 1.026958759625411499e+00 1.013495189913188543e+00 1.004549963528483358e+00
6.150000000000000355e+00 1.032293849711437561e+00 1.008759519083111122e+00 1.010860915837678897e+00
6.169999999999999929e+00 1.035426222040628730e+00 1.007284538840938382e+00 1.008808021657517040e+00
6.189999999999999503e+00 1.044285445869615581e+00 1.005112417789613133e+00 1.012745825878967887e+00
6.209999999999999964e+00 1.042548531684585278e+00 1.006031406384688243e+00 1.005523539792003707e+00
6.230000000000000426e+00 1.048009344332012649e+00 9.967075108972229813e-01 1.007679577311272334e+00
6.250000000000000000e+00 1.052970897721655197e+00 1.000090122899714107e+00 1.008134788643612056e+00
6.269999999999999574e+00 1.050760102991951106e+00 9.972068605750784576e-01 1.014256493741090726e+00
6.290000000000000036e+00 1.049029115247269495e+00 9.962202628792928838e-01 1.014180527197384052e+00
6.310000000000000497e+00 1.046149961505752124e+00 9.923485914370588912e-01 1.010602994556341283e+00
6.330000000000000071e+00 1.053284857068539582e+00 9.911990790794271700e-01 1.012382561186486063e+00
6.349999999999999645e+00 1.048706047556675625e+00 9.907162491109037239e-01 1.012442416184951677e+00
6.370000000000000107e+00 1.057624625383227324e+00 9.838088912735302172e-01 1.007943425188012165e+00
6.390000000000000568e+00 1.053526851249297902e+00 9.851163350412132091e-01 1.015090299495299053e+00
6.410000000000000142e+00 1.054790349636812730e+00 9.836669443579590943e-01 1.013651468188720317e+00
6.429999999999999716e+00 1.049848303305287223e+00 9.815889678396302331e-01 1.013207220150894150e+00
6.450000000000000178e+00 1.057676210791854032e+00 9.768300708510397889e-01 1.019916714753094533e+00
6.470000000000000639e+00 1.059045625337190044e+00 9.752869248501330190e-01 1.011836408685575339e+00
6.490000000000000213e+00 1.054470285428032117e+00 9.767259967040131663e-01 1.012163894313388601e+00
6.509999999999999787e+00 1.045024490926801830e+00 9.788495560003336315e-01 1.010915941241031568e+00
6.530000000000000249e+00 1.045297600215014722e+00 9.799703608372984931e-01 1.016123946758249019e+00
6.550000000000000711e+00 1.041686562808035621e+00 9.725392775805701273e-01 1.012142230029910550e+00
6.570000000000000284e+00 1.042740810792834427e+00 9.762921983902964618e-01 1.020389987728275161e+00
6.589999999999999858e+00 1.047019064817831913e+00 9.798442528585542544e-01 1.010425753844929719e+00
6.610000000000000320e+00 1.038090953228359536e+00 9.692678122359438264e-01 1.012165635292345822e+00
6.630000000000000782e+00 1.038397170833875061e+00 9.731913372835503395e-01 1.015166979696934924e+00
6.650000000000000355e+00 1.024981903573538133e+00 9.780626375034229270e-01 1.015222086134156543e+00
6.669999999999999929e+00 1.020947617723126921e+00 9.751683516283623510e-01 1.016557357394374472e+00
6.689999999999999503e+00 1.020272901878019445e+00 9.711676513914130338e-01 1.009396246060679125e+00
6.709999999999999964e+00 1.023329035822269972e+00 9.781714977106135134e-01 1.017610382219841014e+00
6.730000000000000426e+00 1.018449559263786997e+00 9.792301647644271467e-01 1.013573433732159579e+00
6.750000000000000000e+00 1.006459763348617864e+00 9.800777135514880944e-01 1.016300073407365501e+00
6.769999999999999574e+00 1.012862512135240367e+00 9.795556058018377588e-01 1.013926199675574402e+00
6.790000000000000036e+00 1.008137323890692549e+00 9.841521356563230905e-01 1.009508901297683225e+00
6.810000000000000497e+00 1.006827905439009019e+00 9.794246367209289428e-01 1.012689396309985890e+00
6.830000000000000071e+00 9.940604714881029480e-01 9.822415068906600322e-01 1.012797141135024948e+00
6.849999999999999645e+00 9.946752821462926386e-01 9.882481523947400648e-01 1.015762523102957893e+00
6.870000000000000107e+00 9.952807804421598403e-01 9.849203400250440277e-01 1.014006059260911030e+00
6.890000000000000568e+00 9.863572329034276942e-01 9.884969209714821181e-01 1.011980860377877933e+00
6.910000000000000142e+00 9.895254168797934513e-01 9.884957348622457340e-01 1.003536627902052114e+00
6.929999999999999716e+00 9.832303651924650945e-01 9.857290698629772585e-01 1.007776889845223067e+00
6.950000000000000178e+00 9.828030328027876905e-01 9.832012453971141763e-01 1.005848297675892011e+00
6.970000000000000639e+00 9.756014846385708816e-01 9.839188803721423682e-01 9.968632060223808766e-01
6.990000000000000213e+00 9.710054846999873757e-01 9.791188606412640771e-01 9.943568053424380881e-01
7.009999999999999787e+00 9.693940077161892210e-01 9.816324748254273702e-01 9.936581974480713786e-01
7.030000000000000249e+00 9.687809183691307169e-01 9.779226715247827384e-01 9.925284443297111014e-01
7.050000000000000711e+00 9.595127779551340108e-01 9.737124772047133225e-01 9.862556263776207643e-01
7.070000000000000284e+00 9.655459656553180281e-01 9.741414311483093114e-01 9.873934672546594848e-01
7.089999999999999858e+00 9.519984200310990241e-01 9.763633801011269986e-01 9.791826590216938797e-01
7.110000000000000320e+00 9.603752595397163638e-01 9.747706220073002470e-01 9.734992108934882316e-01
7.130000000000000782e+00 9.454371618239958419e-01 9.681444890365881184e-01 9.742256324347589036e-01
7.150000000000000355e+00 9.444263105999463059e-01 9.706045121501969408e-01 9.741650063229009282e-01
7.169999999999999929e+00 9.403379086491135963e-01 9.622406272196485366e-01 9.656582875004521282e-01
7.189999999999999503e+00 9.424345881144978732e-01 9.656222077456338981e-01 9.669180926040429336e-01
7.209999999999999964e+00 9.323198845580707994e-01 9.624411590383915582e-01 9.587581270236444908e-01
7.230000000000000426e+00 9.347802256981820879e-01 9.573258680874342508e-01 9.569897491459293803e-01
7.250000000000000000e+00 9.284694795094844411e-01 9.503215555741513221e-01 9.490735143695008258e-01
7.269999999999999574e+00 9.297416745689400797e-01 9.470679393213408126e-01 9.405783390680673151e-01
7.290000000000000036e+00 9.210474348572704750e-01 9.421766455544773322e-01 9.379523753571986644e-01
7.310000000000000497e+00 9.195815366199726615e-01 9.335348727595380591e-01 9.260614298789759946e-01
7.330000000000000071e+00 9.129060136302378226e-01 9.354942741522284111e-01 9.252774189950895289e-01
7.349999999999999645e+00 9.088042303509746844e-01 9.260111876616281545e-01 9.174319230730385577e-01
7.370000000000000107e+00 9.059712877104905138e-01 9.230465399226638334e-01 9.079995483668494849e-01
7.390000000000000568e+00 9.039679516117080649e-01 9.179772305748251648e-01 9.105275261127893094e-01
7.410000000000000142e+00 8.977314657437764911e-01 9.147722999876169991e-01 9.005745354494596455e-01
7.429999999999999716e+00 9.005765514759352941e-01 9.093426112760545355e-01 8.983834385685807167e-01
7.450000000000000178e+00 8.913393057753887794e-01 9.032505707808767825e-01 8.905144922161165599e-01
7.470000000000000639e+00 8.812563163926812049e-01 8.994284625955532020e-01 8.872949695678057358e-01
7.490000000000000213e+00 8.825363241279969850e-01 8.925278550456102744e-01 8.840368115071182142e-01
7.509999999999999787e+00 8.794519456316385320e-01 8.864980228158738651e-01 8.806753635371118438e-01
7.530000000000000249e+00 8.779648034325285844e-01 8.823336929645070326e-01 8.750925022995503788e-01
7.550000000000000711e+00 8.754961087122817842e-01 8.765495305968610262e-01 8.674638494793283083e-01
7.570000000000000284e+00 8.677916915782065699e-01 8.752935768161778096e-01 8.628754852737884340e-01
7.589999999999999858e+00 8.624302649328005055e-01 8.668287158343963572e-01 8.573521534656894927e-01
7.610000000000000320e+00 8.513321848472794606e-01 8.667823218162030718e-01 8.509246931499758748e-01
7.630000000000000782e+00 8.516374320674227061e-01 8.582884496652468664e-01 8.452445087173307003e-01
7.650000000000000355e+00 8.473797535158429373e-01 8.506953362924138951e-01 8.467298196171227920e-01
7.669999999999999929e+00 8.485040192981864182e-01 8.473691606366753337e-01 8.389701477345820058e-01
7.689999999999999503e+00 8.399586619687219313e-01 8.423343858014045171e-01 8.323713232314441379e-01
7.709999999999999964e+00 8.427427103105719075e-01 8.373403807753462269e-01 8.301581781447457953e-01
7.730000000000000426e+00 8.331558040050155434e-01 8.291128703125937305e-01 8.234704759036622912e-01
7.750000000000000000e+00 8.321501903375310150e-01 8.256801037422469847e-01 8.225424543199502114e-01
7.769999999999999574e+00 8.301220682157761654e-01 8.202408039076344304e-01 8.174121712620554536e-01
7.790000000000000036e+00 8.183150192995024552e-01 8.122887082267873371e-01 8.132000596719524133e-01
7.810000000000000497e+00 8.111633492138978774e-01 8.088075840061024202e-01 8.065658545576578353e-01
7.830000000000000071e+00 8.121575657172637186e-01 8.086881941348442737e-01 8.021699335097276506e-01
7.849999999999999645e+00 8.118938321492863430e-01 7.989092814683377286e-01 7.944059670752201541e-01
7.870000000000000107e+00 8.030163411890340885e-01 7.955545450327790036e-01 7.915001522977290760e-01
7.890000000000000568e+00 7.902544608583482733e-01 7.909510581292855669e-01 7.896209634977900960e-01
7.910000000000000142e+00 7.926775558260055199e-01 7.861306931602951575e-01 7.840115856521764348e-01
7.929999999999999716e+00 7.882874208654665482e-01 7.817285547247446731e-01 7.776176204233491429e-01
7.950000000000000178e+00 7.835694636278757175e-01 7.750320735878550860e-01 7.761517406916883521e-01
7.970000000000000639e+00 7.760081036579991043e-01 7.750545979544530839e-01 7.732340314677708104e-01
7.990000000000000213e+00 7.758087492459521117e-01 7.678093819100948458e-01 7.672924141917508711e-01
