r_A g_Fe_Fe g_Fe_B g_B_B
1.000000000000000021e-02 0.000000000000000000e+00 0.000000000000000000e+00 0.000000000000000000e+00
2.999999999999999889e-02 0.000000000000000000e+00 0.000000000000000000e+00 0.000000000000000000e+00
5.000000000000000278e-02 0.000000000000000000e+00 0.000000000000000000e+00 0.000000000000000000e+00
7.000000000000000666e-02 0.000000000000000000e+00 0.000000000000000000e+00 0.000000000000000000e+00
8.999999999999999667e-02 0.000000000000000000e+00 0.000000000000000000e+00 0.000000000000000000e+00
1.100000000000000006e-01 0.000000000000000000e+00 0.000000000000000000e+00 0.000000000000000000e+00
1.300000000000000044e-01 0.000000000000000000e+00 0.000000000000000000e+00 0.000000000000000000e+00
1.500000000000000222e-01 0.000000000000000000e+00 0.000000000000000000e+00 0.000000000000000000e+00
1.699999999999999845e-01 0.000000000000000000e+00 0.000000000000000000e+00 0.000000000000000000e+00
1.900000000000000022e-01 0.000000000000000000e+00 0.000000000000000000e+00 0.000000000000000000e+00
2.100000000000000200e-01 0.000000000000000000e+00 0.000000000000000000e+00 0.000000000000000000e+00
2.299999999999999822e-01 0.000000000000000000e+00 0.000000000000000000e+00 0.000000000000000000e+00
2.500000000000000000e-01 0.000000000000000000e+00 0.000000000000000000e+00 0.000000000000000000e+00
2.700000000000000178e-01 0.000000000000000000e+00 0.000000000000000000e+00 0.000000000000000000e+00
2.900000000000000355e-01 0.000000000000000000e+00 0.000000000000000000e+00 0.000000000000000000e+00
3.099999999999999978e-01 0.000000000000000000e+00 0.000000000000000000e+00 0.000000000000000000e+00
3.300000000000000155e-01 0.000000000000000000e+00 0.000000000000000000e+00 0.000000000000000000e+00
3.499999999999999778e-01 0.000000000000000000e+00 0.000000000000000000e+00 0.000000000000000000e+00
3.699999999999999956e-01 0.000000000000000000e+00 0.000000000000000000e+00 0.000000000000000000e+00
3.900000000000000133e-01 0.000000000000000000e+00 0.000000000000000000e+00 0.000000000000000000e+00
4.100000000000000311e-01 0.000000000000000000e+00 0.000000000000000000e+00 0.000000000000000000e+00
4.299999999999999933e-01 0.000000000000000000e+00 0.000000000000000000e+00 0.000000000000000000e+00
4.500000000000000111e-01 0.000000000000000000e+00 0.000000000000000000e+00 0.000000000000000000e+00
4.699999999999999734e-01 0.000000000000000000e+00 0.000000000000000000e+00 0.000000000000000000e+00
4.899999999999999911e-01 0.000000000000000000e+00 0.000000000000000000e+00 0.000000000000000000e+00
5.100000000000000089e-01 0.000000000000000000e+00 0.000000000000000000e+00 0.000000000000000000e+00
5.300000000000000266e-01 0.000000000000000000e+00 0.000000000000000000e+00 0.000000000000000000e+00
5.500000000000000444e-01 0.000000000000000000e+00 0.000000000000000000e+00 0.000000000000000000e+00
5.700000000000000622e-01 0.000000000000000000e+00 0.000000000000000000e+00 0.000000000000000000e+00
5.899999999999999689e-01 0.000000000000000000e+00 0.000000000000000000e+00 0.000000000000000000e+00
6.099999999999999867e-01 0.000000000000000000e+00 0.000000000000000000e+00 0.000000000000000000e+00
6.300000000000000044e-01 0.000000000000000000e+00 0.000000000000000000e+00 0.000000000000000000e+00
6.500000000000000222e-01 0.000000000000000000e+00 0.000000000000000000e+00 0.000000000000000000e+00
6.700000000000000400e-01 0.000000000000000000e+00 0.000000000000000000e+00 0.000000000000000000e+00
6.900000000000000577e-01 0.000000000000000000e+00 0.000000000000000000e+00 0.000000000000000000e+00
7.099999999999999645e-01 0.000000000000000000e+00 0.000000000000000000e+00 0.000000000000000000e+00
7.299999999999999822e-01 0.000000000000000000e+00 0.000000000000000000e+00 0.000000000000000000e+00
7.500000000000000000e-01 0.000000000000000000e+00 0.000000000000000000e+00 0.000000000000000000e+00
7.700000000000000178e-01 0.000000000000000000e+00 0.000000000000000000e+00 0.000000000000000000e+00
7.900000000000000355e-01 0.000000000000000000e+00 0.000000000000000000e+00 0.000000000000000000e+00
8.100000000000000533e-01 0.000000000000000000e+00 0.000000000000000000e+00 0.000000000000000000e+00
8.300000000000000711e-01 0.000000000000000000e+00 0.000000000000000000e+00 0.000000000000000000e+00
8.499999999999999778e-01 0.000000000000000000e+00 0.000000000000000000e+00 0.000000000000000000e+00
8.699999999999999956e-01 0.000000000000000000e+00 0.000000000000000000e+00 0.000000000000000000e+00
8.900000000000000133e-01 0.000000000000000000e+00 0.000000000000000000e+00 0.000000000000000000e+00
9.100000000000000311e-01 0.000000000000000000e+00 0.000000000000000000e+00 0.000000000000000000e+00
9.300000000000000488e-01 0.000000000000000000e+00 0.000000000000000000e+00 0.000000000000000000e+00
9.499999999999999556e-01 0.000000000000000000e+00 0.000000000000000000e+00 0.000000000000000000e+00
9.699999999999999734e-01 0.000000000000000000e+00 0.000000000000000000e+00 0.000000000000000000e+00
9.899999999999999911e-01 0.000000000000000000e+00 0.000000000000000000e+00 0.000000000000000000e+00
1.010000000000000009e+00 0.000000000000000000e+00 0.000000000000000000e+00 0.000000000000000000e+00
1.030000000000000027e+00 0.000000000000000000e+00 0.000000000000000000e+00 0.000000000000000000e+00
1.050000000000000044e+00 0.000000000000000000e+00 0.000000000000000000e+00 0.000000000000000000e+00
1.070000000000000062e+00 0.000000000000000000e+00 0.000000000000000000e+00 0.000000000000000000e+00
1.090000000000000080e+00 0.000000000000000000e+00 0.000000000000000000e+00 0.000000000000000000e+00
1.110000000000000098e+00 0.000000000000000000e+00 0.000000000000000000e+00 0.000000000000000000e+00
1.130000000000000115e+00 0.000000000000000000e+00 0.000000000000000000e+00 0.000000000000000000e+00
1.149999999999999911e+00 0.000000000000000000e+00 0.000000000000000000e+00 0.000000000000000000e+00
1.169999999999999929e+00 0.000000000000000000e+00 0.000000000000000000e+00 0.000000000000000000e+00
1.189999999999999947e+00 0.000000000000000000e+00 0.000000000000000000e+00 0.000000000000000000e+00
1.209999999999999964e+00 0.000000000000000000e+00 0.000000000000000000e+00 0.000000000000000000e+00
1.229999999999999982e+00 0.000000000000000000e+00 0.000000000000000000e+00 0.000000000000000000e+00
1.250000000000000000e+00 0.000000000000000000e+00 0.000000000000000000e+00 0.000000000000000000e+00
1.270000000000000018e+00 0.000000000000000000e+00 0.000000000000000000e+00 0.000000000000000000e+00
1.290000000000000036e+00 0.000000000000000000e+00 0.000000000000000000e+00 0.000000000000000000e+00
1.310000000000000053e+00 0.000000000000000000e+00 0.000000000000000000e+00 4.131578809129000680e-04
1.330000000000000071e+00 0.000000000000000000e+00 0.000000000000000000e+00 1.402890088060961904e-03
1.350000000000000089e+00 0.000000000000000000e+00 0.000000000000000000e+00 2.139706852642095283e-03
1.370000000000000107e+00 0.000000000000000000e+00 0.000000000000000000e+00 7.933001121675662889e-03
1.390000000000000124e+00 0.000000000000000000e+00 0.000000000000000000e+00 1.871544471373456225e-02
1.410000000000000142e+00 0.000000000000000000e+00 0.000000000000000000e+00 3.958626614315141623e-02
1.429999999999999938e+00 0.000000000000000000e+00 0.000000000000000000e+00 7.680007507194581973e-02
1.449999999999999956e+00 0.000000000000000000e+00 0.000000000000000000e+00 1.266292748115827038e-01
1.469999999999999973e+00 0.000000000000000000e+00 0.000000000000000000e+00 2.272194358315378915e-01
1.489999999999999991e+00 0.000000000000000000e+00 0.000000000000000000e+00 3.508230112981257087e-01
1.510000000000000009e+00 0.000000000000000000e+00 0.000000000000000000e+00 5.413842233428061146e-01
1.530000000000000027e+00 0.000000000000000000e+00 4.524347359208438888e-04 7.741745171639671241e-01
1.550000000000000044e+00 0.000000000000000000e+00 1.102086222676374686e-03 1.005323974573273604e+00
1.570000000000000062e+00 0.000000000000000000e+00 1.074186814864800396e-03 1.278596925074219737e+00
1.590000000000000080e+00 0.000000000000000000e+00 2.932533970251334759e-03 1.532560132020408306e+00
1.610000000000000098e+00 0.000000000000000000e+00 4.494489133490302962e-03 1.808600206961607171e+00
1.630000000000000115e+00 0.000000000000000000e+00 9.566995523937060417e-03 2.054435565998029567e+00
1.650000000000000133e+00 0.000000000000000000e+00 2.120158273625741274e-02 2.279949404654759704e+00
1.669999999999999929e+00 0.000000000000000000e+00 3.142496885289629283e-02 2.387104334883936474e+00
1.689999999999999947e+00 0.000000000000000000e+00 5.543801878787412568e-02 2.533263235480558873e+00
1.709999999999999964e+00 0.000000000000000000e+00 9.516791172482910732e-02 2.536548080187423171e+00
1.729999999999999982e+00 0.000000000000000000e+00 1.423455831918145620e-01 2.597164387195434632e+00
1.750000000000000000e+00 0.000000000000000000e+00 2.133778457195743827e-01 2.568816733343588066e+00
1.770000000000000018e+00 0.000000000000000000e+00 3.058598172887667666e-01 2.485292908390538624e+00
1.790000000000000036e+00 0.000000000000000000e+00 4.071523796006825680e-01 2.393664714615799660e+00
1.810000000000000053e+00 2.439874789827318211e-04 5.429544865107351903e-01 2.321688888397062556e+00
1.830000000000000071e+00 2.386836145274011660e-04 7.046969623936517602e-01 2.186002359159112451e+00
1.850000000000000089e+00 7.006525006137394405e-04 8.898374339357065788e-01 2.036342421218891197e+00
1.870000000000000107e+00 6.857455690034743034e-04 1.078826358249082018e+00 1.891232720382901134e+00
1.890000000000000124e+00 6.713093590479661966e-04 1.282933721831908347e+00 1.745623421934776820e+00
1.910000000000000142e+00 1.752864689473277761e-03 1.489042120601084873e+00 1.638026382746195830e+00
1.929999999999999938e+00 3.218858330932824335e-03 1.688153051904228041e+00 1.494898863938623368e+00
1.949999999999999956e+00 7.357395845329945012e-03 1.855079336413943514e+00 1.376753906932059124e+00
1.969999999999999973e+00 1.112209718241568245e-02 2.058100316093959492e+00 1.266454057471187333e+00
1.989999999999999991e+00 1.937717818336531436e-02 2.196462439231238406e+00 1.163958311473684670e+00
2.009999999999999787e+00 2.789668013590112378e-02 2.325922802979872639e+00 1.053688047645968684e+00
2.030000000000000249e+00 4.713459643765428170e-02 2.440756211123722430e+00 9.605923137424804414e-01
2.049999999999999822e+00 6.485930943287836203e-02 2.545458044374615980e+00 9.236349571398676517e-01
2.070000000000000284e+00 9.420553426806396735e-02 2.596428110896063401e+00 8.494475442644892071e-01
2.089999999999999858e+00 1.431001124092132204e-01 2.632200302962413474e+00 7.840040615872712060e-01
2.110000000000000320e+00 1.802580459246220512e-01 2.667167125471994193e+00 7.276458621908803437e-01
2.129999999999999893e+00 2.605762828300836054e-01 2.653148642951901337e+00 6.716934010144398615e-01
2.150000000000000355e+00 3.122962739343206340e-01 2.618910544190223177e+00 6.358635583899372445e-01
2.169999999999999929e+00 3.783699474876918711e-01 2.577662242134173720e+00 6.098923173747448079e-01
2.190000000000000391e+00 4.668216281277466906e-01 2.554756774704791678e+00 5.721195457407295404e-01
2.209999999999999964e+00 5.657713823923704588e-01 2.464163902966673980e+00 5.427213940687454219e-01
2.230000000000000426e+00 6.879553304888457177e-01 2.404135649811375952e+00 5.179881552039132808e-01
2.250000000000000000e+00 7.782516149977983799e-01 2.305675013142668206e+00 4.913835949466462405e-01
2.270000000000000462e+00 8.913334521334856930e-01 2.221240657465844315e+00 4.723055950022484462e-01
2.290000000000000036e+00 1.022007693689403363e+00 2.132423625624306318e+00 4.680127438286193486e-01
2.310000000000000053e+00 1.124973707780839938e+00 2.040530601372164465e+00 4.439988660277410792e-01
2.330000000000000071e+00 1.223238347699280748e+00 1.942247004530803567e+00 4.382377677257426329e-01
2.349999999999999645e+00 1.324522431324297367e+00 1.852225426214876736e+00 4.413381082468902927e-01
2.370000000000000107e+00 1.424077873460477983e+00 1.755053771897659542e+00 4.288084607146517291e-01
2.389999999999999680e+00 1.512712744827987343e+00 1.668880919552630404e+00 4.255718426206430149e-01
2.410000000000000142e+00 1.585972966008125651e+00 1.605829453512627181e+00 4.276324249571960556e-01
2.429999999999999716e+00 1.678555844637262595e+00 1.526862282502214896e+00 4.214027021838129827e-01
2.450000000000000178e+00 1.745677808943434162e+00 1.434545429335964961e+00 4.207522071478513870e-01
2.469999999999999751e+00 1.783424667327510926e+00 1.364015416121862279e+00 4.330256670578658262e-01
2.490000000000000213e+00 1.859446479851605716e+00 1.295386394078449799e+00 4.358750028462587967e-01
2.509999999999999787e+00 1.881951227730082721e+00 1.226367243533709184e+00 4.442623055373461360e-01
2.530000000000000249e+00 1.877415288333727172e+00 1.174830798111867303e+00 4.393708322862194815e-01
2.549999999999999822e+00 1.895776868283503447e+00 1.105819388630966182e+00 4.487527128557859402e-01
2.570000000000000284e+00 1.937303867172497140e+00 1.073802525870805713e+00 4.613866676689817314e-01
2.589999999999999858e+00 1.935978823216367939e+00 1.007825062526439774e+00 4.755866312733244561e-01
2.610000000000000320e+00 1.924727508266181886e+00 9.695449602237989906e-01 4.962204178589929016e-01
2.629999999999999893e+00 1.883315947185498107e+00 9.388158675869761050e-01 5.100235253881590936e-01
2.650000000000000355e+00 1.867288977529839578e+00 8.945728470307321434e-01 5.245665675314137300e-01
2.669999999999999929e+00 1.819909669764544935e+00 8.591963028714936224e-01 5.516970740413820185e-01
2.690000000000000391e+00 1.826419271179167358e+00 8.206342100826179431e-01 5.751731560188654280e-01
2.709999999999999964e+00 1.781493210956857753e+00 7.943612978073283371e-01 5.848652040871280544e-01
2.730000000000000426e+00 1.747120888021173046e+00 7.601343314784185790e-01 6.152849171462604350e-01
2.750000000000000000e+00 1.723597587327048819e+00 7.383693829775662687e-01 6.466830462521105938e-01
2.770000000000000462e+00 1.681192308775695476e+00 7.292294046116095663e-01 6.640378828168695957e-01
2.790000000000000036e+00 1.625650533133508935e+00 6.950353022575953554e-01 6.993666354532430685e-01
2.810000000000000053e+00 1.567869728105932392e+00 6.883624331190300039e-01 7.207851956086768208e-01
2.830000000000000071e+00 1.558662331676384571e+00 6.739066271335901748e-01 7.539248223786505498e-01
2.849999999999999645e+00 1.510587844718393580e+00 6.616128735787630832e-01 7.761151769198334494e-01
2.870000000000000107e+00 1.449335013496525937e+00 6.505916642627539437e-01 8.008869532832488813e-01
2.889999999999999680e+00 1.415850191152394189e+00 6.367677131746007912e-01 8.417946620446684625e-01
2.910000000000000142e+00 1.369270002303621725e+00 6.436789044935653514e-01 8.727980823548244782e-01
2.929999999999999716e+00 1.324849543983083411e+00 6.303568302129848311e-01 9.033336891717616002e-01
2.950000000000000178e+00 1.280309685272869480e+00 6.291711972851163903e-01 9.443702093321575397e-01
2.969999999999999751e+00 1.226696136114830082e+00 6.244482091391322376e-01 9.624399611983726066e-01
2.990000000000000213e+00 1.189954997688938532e+00 6.377723808946877959e-01 1.000127522367930455e+00
3.009999999999999787e+00 1.143491734655915470e+00 6.357838527285174512e-01 1.017871429648475656e+00
3.030000000000000249e+00 1.134279346425070223e+00 6.357243727750495621e-01 1.041316797009710138e+00
3.049999999999999822e+00 1.087229884719715933e+00 6.472532214009989460e-01 1.063718699844762750e+00
3.070000000000000284e+00 1.064798763918310298e+00 6.436795458888416865e-01 1.088685228060397137e+00
3.089999999999999858e+00 1.025442393252309792e+00 6.638816522810013776e-01 1.113512414336102374e+00
3.110000000000000320e+00 9.941970284859503737e-01 6.615025877004001575e-01 1.130832080406356299e+00
3.129999999999999893e+00 9.604003621509185074e-01 6.835621632904046452e-01 1.155689155497563236e+00
3.150000000000000355e+00 9.229484711846736023e-01 7.040492933239685946e-01 1.152743587456556140e+00
3.169999999999999929e+00 8.905781444234741606e-01 7.180644238829240189e-01 1.177227231009839947e+00
3.190000000000000391e+00 8.726122114313875633e-01 7.255071639217602897e-01 1.190556742460449291e+00
3.209999999999999964e+00 8.481193787831937669e-01 7.575834302342475679e-01 1.184299928467444474e+00
3.230000000000000426e+00 8.262330348278940084e-01 7.632297970303789647e-01 1.201009212700608231e+00
3.250000000000000000e+00 8.064844191447072541e-01 7.843225572561339787e-01 1.190468543644962240e+00
3.270000000000000462e+00 7.941077427392260191e-01 8.013027790038070863e-01 1.187190132373493912e+00
3.290000000000000036e+00 7.635096143453422579e-01 8.195746592443621248e-01 1.179874657803684501e+00
3.310000000000000497e+00 7.602933558378132117e-01 8.492622153148207120e-01 1.192095843393392363e+00
3.330000000000000071e+00 7.351854908042798620e-01 8.741680945265891678e-01 1.179258083577602978e+00
3.349999999999999645e+00 7.358352109612932290e-01 8.879212948007303430e-01 1.163734745481030730e+00
3.370000000000000107e+00 7.305055901946840846e-01 9.139237969629051550e-01 1.167506239610949903e+00
3.389999999999999680e+00 7.101567088620061030e-01 9.340916897687463472e-01 1.154110366793656084e+00
3.410000000000000142e+00 7.199986378884679628e-01 9.569583767321129253e-01 1.148508512777618229e+00
3.429999999999999716e+00 7.135290373265328334e-01 9.668740546723330054e-01 1.133285645479857440e+00
3.450000000000000178e+00 7.187787468454296391e-01 9.913785079053971661e-01 1.128524025273486275e+00
3.469999999999999751e+00 7.069986167827749801e-01 1.004304397203969357e+00 1.117819712568460799e+00
3.490000000000000213e+00 7.221503855712125830e-01 1.021956574957218145e+00 1.118317182541539001e+00
3.509999999999999787e+00 7.258173381635470989e-01 1.035144912012994300e+00 1.097005319824580161e+00
3.530000000000000249e+00 7.358339397363188317e-01 1.051050676565477016e+00 1.093230346068484904e+00
3.549999999999999822e+00 7.453890974215492404e-01 1.059515944134605814e+00 1.074870776281151130e+00
3.570000000000000284e+00 7.448378349158567557e-01 1.063778763077146916e+00 1.074961267058862857e+00
3.589999999999999858e+00 7.646574785164479415e-01 1.065025405230304978e+00 1.068656361206608674e+00
3.610000000000000320e+00 7.685981300865294408e-01 1.069958243810693821e+00 1.062642426895251457e+00
3.629999999999999893e+00 7.916355177877049121e-01 1.075200270185143303e+00 1.058444568832562771e+00
3.650000000000000355e+00 8.003234924331099620e-01 1.076765540506774865e+00 1.054487538718398065e+00
3.669999999999999929e+00 8.124550697199478533e-01 1.071490033546175669e+00 1.035734889195873309e+00
3.690000000000000391e+00 8.285627903040436726e-01 1.080110907656553820e+00 1.042294785460014417e+00
3.709999999999999964e+00 8.628605057601537176e-01 1.077769132316377165e+00 1.051177555862117918e+00
3.730000000000000426e+00 8.883335672627018509e-01 1.066147144166368799e+00 1.037820190644337170e+00
3.750000000000000000e+00 8.883758305564516400e-01 1.066855659176624505e+00 1.038552742944061746e+00
3.770000000000000462e+00 9.228985641176538079e-01 1.067153838270350263e+00 1.043676221076532462e+00
3.790000000000000036e+00 9.352205466606582362e-01 1.057432283461634537e+00 1.037922568036405258e+00
3.810000000000000497e+00 9.630373641895050296e-01 1.045666661106717799e+00 1.039998174672008835e+00
3.830000000000000071e+00 9.675006155842872380e-01 1.039503599829916469e+00 1.049538480808815955e+00
3.849999999999999645e+00 1.002557807392893796e+00 1.037895529904430347e+00 1.050836507590529711e+00
3.870000000000000107e+00 1.009941459461752622e+00 1.026789050122931535e+00 1.045968296607850512e+00
3.889999999999999680e+00 1.018494067096592071e+00 1.014315711165502787e+00 1.054498402455703809e+00
3.910000000000000142e+00 1.035864538497224263e+00 1.015015359563624875e+00 1.052086359864657483e+00
3.929999999999999716e+00 1.061161935824654901e+00 1.005430750173430532e+00 1.048842342535187822e+00
3.950000000000000178e+00 1.062943617263561347e+00 9.999587774402420859e-01 1.052880878914465912e+00
3.969999999999999751e+00 1.084212097816533271e+00 9.847682991100384919e-01 1.071360726139326758e+00
3.990000000000000213e+00 1.086976732827930725e+00 9.894901232077251141e-01 1.057774576023267521e+00
4.009999999999999787e+00 1.096939707871812386e+00 9.791340774704945238e-01 1.068458655796776124e+00
4.030000000000000249e+00 1.097989603756804211e+00 9.777218078818152858e-01 1.065498129090475254e+00
4.050000000000000711e+00 1.093799672309710980e+00 9.756277632930133725e-01 1.053228384652978411e+00
4.070000000000000284e+00 1.094416081595690926e+00 9.756694636903466833e-01 1.078985891388873464e+00
4.089999999999999858e+00 1.106245155292971072e+00 9.727196066014519582e-01 1.066763854784128496e+00
4.109999999999999432e+00 1.114007110367138731e+00 9.653448678560514473e-01 1.066438842936236364e+00
4.129999999999999893e+00 1.113366203774672991e+00 9.687004730906441097e-01 1.062973212550595292e+00
4.150000000000000355e+00 1.099690462139742309e+00 9.609081473756216907e-01 1.063744511219496092e+00
4.169999999999999929e+00 1.104244712465777711e+00 9.683407207354413071e-01 1.058295117657998219e+00
4.189999999999999503e+00 1.100694307528576665e+00 9.646988020677773612e-01 1.062210179133066701e+00
4.209999999999999964e+00 1.085841591236690107e+00 9.652053661480700653e-01 1.054682157995858516e+00
4.230000000000000426e+00 1.084934588560183100e+00 9.699950587049044337e-01 1.051429276019187453e+00
4.250000000000000000e+00 1.093112806358944145e+00 9.689203598996697364e-01 1.047719715228807802e+00
4.269999999999999574e+00 1.073515069921640253e+00 9.776691504098439234e-01 1.053288593980082455e+00
4.290000000000000036e+00 1.060228093864971299e+00 9.760126879412407419e-01 1.044819771728367819e+00
4.310000000000000497e+00 1.065816064169575972e+00 9.838520592024709854e-01 1.046157365031277209e+00
4.330000000000000071e+00 1.049043659100701298e+00 9.834555148185629703e-01 1.041299318516323069e+00
4.349999999999999645e+00 1.044868758379088103e+00 9.930994927590145460e-01 1.045947445015153798e+00
4.370000000000000107e+00 1.045874544880649459e+00 9.899921247646568112e-01 1.039904091439920686e+00
4.390000000000000568e+00 1.032384941783927701e+00 9.921620676798570404e-01 1.033504105940412643e+00
4.410000000000000142e+00 1.034550403790607920e+00 9.877850449549214762e-01 1.030421914366419944e+00
4.429999999999999716e+00 1.012888818268136149e+00 1.004777317216256405e+00 1.032862836911896620e+00
4.450000000000000178e+00 1.007760475739484018e+00 1.009096819977644000e+00 1.039407558943195697e+00
4.470000000000000639e+00 1.007523750483065195e+00 1.002724160966916189e+00 1.028086778257135903e+00
4.490000000000000213e+00 9.944445140981448272e-01 1.015179867731660579e+00 1.026756052924296059e+00
4.509999999999999787e+00 1.003053386850702555e+00 1.016258645208189870e+00 1.019377860239364164e+00
4.530000000000000249e+00 9.889184702086438739e-01 1.013007971800720997e+00 1.014991997659095757e+00
4.550000000000000711e+00 9.879659060315554298e-01 1.016937307375572530e+00 1.020353183035319411e+00
4.570000000000000284e+00 9.871069197052678712e-01 1.024359766879038069e+00 1.018180843358436505e+00
4.589999999999999858e+00 9.900573475965400716e-01 1.019976751643206336e+00 1.013432981764090801e+00
4.610000000000000320e+00 9.866007100410344455e-01 1.022309084925866474e+00 1.011197864862113160e+00
4.629999999999999893e+00 9.835023115516177139e-01 1.022784514745455953e+00 1.004795970407487582e+00
4.650000000000000355e+00 9.812338910280200555e-01 1.025675315141147070e+00 9.997782239119181735e-01
4.669999999999999929e+00 9.756695123880612108e-01 1.026051004188534455e+00 1.001571716242778631e+00
4.689999999999999503e+00 9.836825713135283200e-01 1.023903256300552123e+00 1.005796491788764069e+00
4.709999999999999964e+00 9.821923812089430328e-01 1.019522961121967164e+00 1.000181323346088558e+00
4.730000000000000426e+00 9.775123943150002548e-01 1.028659855016623936e+00 9.959401616741236918e-01
4.750000000000000000e+00 9.772338265230484655e-01 1.024252177596293834e+00 9.890950923364021374e-01
4.769999999999999574e+00 9.852516213349378216e-01 1.025933431907441795e+00 9.913198936622990010e-01
4.790000000000000036e+00 9.756825436187107625e-01 1.025600658759185269e+00 9.842486937231709199e-01
4.810000000000000497e+00 9.878314864901061032e-01 1.030204817299400499e+00 9.862245860603645609e-01
4.830000000000000071e+00 9.821003590838787156e-01 1.027218153399194867e+00 9.867359936278188304e-01
4.849999999999999645e+00 9.841098372772231206e-01 1.025956593462132638e+00 9.826689566091874051e-01
4.870000000000000107e+00 9.927938772669900880e-01 1.030977657634573275e+00 9.742705379141874955e-01
4.890000000000000568e+00 9.888679864050796686e-01 1.022816240223060502e+00 9.771550284441710144e-01
4.910000000000000142e+00 9.781096405058528065e-01 1.026647916962718510e+00 9.785191688596959203e-01
4.929999999999999716e+00 9.988679196173082531e-01 1.026690783342837587e+00 9.786767438121761753e-01
4.950000000000000178e+00 1.000012140637891012e+00 1.022333723696534857e+00 9.708131695464595756e-01
4.970000000000000639e+00 1.004147520574137920e+00 1.023276644102958599e+00 9.722153865127393102e-01
4.990000000000000213e+00 1.003305154352777562e+00 1.020534915630375794e+00 9.724819233673590579e-01
5.009999999999999787e+00 1.007093704302117976e+00 1.025515543293406884e+00 9.700155211483969531e-01
5.030000000000000249e+00 9.981531455398419128e-01 1.016664938828817366e+00 9.761749066509299855e-01
5.050000000000000711e+00 1.004743288196672690e+00 1.021055948676520719e+00 9.639263429121454063e-01
5.070000000000000284e+00 1.013966180275564621e+00 1.011955203325194841e+00 9.778791848207114557e-01
5.089999999999999858e+00 1.013294779268584023e+00 1.011039447893110621e+00 9.678012668172495392e-01
5.110000000000000320e+00 1.018296570955570468e+00 1.016576387491444411e+00 9.674631706803102915e-01
5.129999999999999893e+00 1.021974774146532372e+00 1.012438276696161488e+00 9.642450519708202217e-01
5.150000000000000355e+00 1.031924349559032006e+00 1.013115614526747477e+00 9.654051675071748662e-01
5.169999999999999929e+00 1.022819461900427163e+00 1.006025419466746840e+00 9.677387407494504323e-01
5.189999999999999503e+00 1.020797675929560944e+00 1.008962087887071757e+00 9.748248100388648973e-01
5.209999999999999964e+00 1.029112914499024312e+00 1.006195701867275138e+00 9.693662477855482518e-01
5.230000000000000426e+00 1.028533662772517010e+00 1.005203824353274822e+00 9.736572196223234332e-01
5.250000000000000000e+00 1.024337251825241379e+00 9.986740815198746901e-01 9.766586020919433286e-01
5.269999999999999574e+00 1.031946264655092316e+00 9.957418020985105978e-01 9.735486945090608968e-01
5.290000000000000036e+00 1.030527773995971952e+00 1.004311842099150587e+00 9.809093212207821155e-01
5.310000000000000497e+00 1.024537126828238387e+00 9.912389614783700953e-01 9.784125186605402424e-01
5.330000000000000071e+00 1.032534906166957978e+00 9.913168299189444310e-01 9.813039768761739889e-01
5.349999999999999645e+00 1.025555554259181656e+00 9.947146023667406967e-01 9.838524418641311220e-01
5.370000000000000107e+00 1.027216559103431237e+00 9.947288396424059931e-01 9.842212454707393032e-01
5.390000000000000568e+00 1.022579076320635494e+00 9.911063479354215167e-01 9.785537219060544967e-01
5.410000000000000142e+00 1.017900033414845362e+00 9.886319253298813114e-01 9.885804840783558589e-01
5.429999999999999716e+00 1.027738775872280241e+00 9.894717046751705380e-01 9.898844170283720434e-01
5.450000000000000178e+00 1.015419366116797395e+00 9.879191538004147288e-01 9.944726458828838656e-01
5.470000000000000639e+00 1.024009819487654793e+00 9.901503207637257775e-01 9.962659778582264591e-01
5.490000000000000213e+00 1.021124057727262002e+00 9.870079112487953887e-01 9.931842900200773538e-01
5.509999999999999787e+00 1.020596368218059657e+00 9.844343949175723418e-01 9.953990419131414358e-01
5.530000000000000249e+00 1.015684479550075237e+00 9.866862537621066132e-01 9.955618777918099349e-01
5.550000000000000711e+00 1.018290449791389385e+00 9.827597619496861725e-01 9.904367473226239893e-01
5.570000000000000284e+00 1.010346800688121105e+00 9.933043641208598729e-01 1.000271452414152717e+00
5.589999999999999858e+00 9.972977683351794687e-01 9.847349807328638072e-01 9.984249054249019206e-01
5.610000000000000320e+00 1.003660639245863129e+00 9.900010114800045224e-01 9.984829134658597116e-01
5.629999999999999893e+00 1.007134098413680956e+00 9.881589185613329773e-01 1.002228181227401427e+00
5.650000000000000355e+00 1.004548785903465191e+00 9.870230804317626783e-01 1.004973730004097954e+00
5.669999999999999929e+00 9.996127903797658032e-01 9.876246908259503909e-01 1.003299872923709479e+00
5.689999999999999503e+00 1.003979638143028374e+00 9.909331801285560237e-01 1.007132500317304835e+00
5.709999999999999964e+00 9.960272075621853238e-01 9.900943954160746907e-01 1.002829735290408086e+00
5.730000000000000426e+00 9.982158573390044198e-01 9.982108360712472761e-01 1.009014479779557938e+00
5.750000000000000000e+00 9.935322429108339737e-01 9.876269877725589730e-01 1.002693710766335178e+00
5.769999999999999574e+00 9.905941177631457650e-01 9.937954397335593271e-01 1.004262766158811271e+00
5.790000000000000036e+00 9.943490129728387306e-01 9.958271662021732640e-01 1.004823928718954873e+00
5.810000000000000497e+00 9.859758448569135858e-01 9.985133643284920257e-01 1.004786453166425675e+00
5.830000000000000071e+00 9.881357532587042858e-01 9.996591924201964074e-01 1.006707609851747343e+00
5.849999999999999645e+00 9.885380658175981772e-01 1.006181939241471479e+00 1.002353190386915172e+00
5.870000000000000107e+00 9.925308670039784120e-01 9.987147565108983605e-01 1.006913788364062645e+00
5.890000000000000568e+00 9.929675678669147576e-01 1.002048966623817705e+00 1.003367561817014142e+00
5.910000000000000142e+00 9.807430324035553149e-01 1.004087171006919021e+00 1.003896004013677734e+00
5.929999999999999716e+00 9.829356398131038342e-01 1.004892972220787550e+00 1.004948987828557128e+00
5.950000000000000178e+00 9.921211410984314139e-01 1.004857522494767341e+00 1.006205485707242886e+00
5.970000000000000639e+00 9.945007419724442022e-01 1.002415251505233584e+00 1.006984953271570227e+00
5.990000000000000213e+00 9.807640983126686418e-01 1.006477159199839377e+00 1.000153178076867544e+00
6.009999999999999787e+00 9.806650930059019888e-01 1.010081698646303483e+00 1.008288968858846557e+00
6.030000000000000249e+00 9.873386790647435962e-01 1.006079494060461821e+00 1.004682814811379776e+00
6.050000000000000711e+00 9.841628690642378885e-01 1.008256881011617034e+00 1.009896741622144489e+00
6.070000000000000284e+00 9.894682960609055833e-01 1.010563431893865438e+00 1.004561281910058002e+00
6.089999999999999858e+00 9.915793804690853364e-01 1.005985762883714996e+00 9.996181272590306532e-01
6.110000000000000320e+00 9.872182272606346842e-01 1.002013680557337194e+00 1.001735824858049240e+00
6.130000000000000782e+00 9.802976055983316783e-01 1.007605633938901013e+00 1.001927196997308478e+00
6.150000000000000355e+00 9.899303789520924601e-01 1.006754239507899662e+00 1.003219675973162417e+00
6.169999999999999929e+00 9.925938130775674439e-01 1.010900489765435672e+00 1.001587493357220637e+00
6.189999999999999503e+00 9.980602497446757759e-01 1.007128913856554897e+00 1.001704132545246262e+00
6.209999999999999964e+00 9.909993276054855915e-01 1.013484706662147738e+00 1.007902593064953445e+00
6.230000000000000426e+00 9.891569995652467195e-01 1.006653756594954485e+00 9.998797886442402083e-01
6.250000000000000000e+00 1.006266631687036339e+00 1.006152550619998198e+00 9.999617246973727669e-01
6.269999999999999574e+00 1.007177060317050898e+00 1.005058018543458109e+00 1.005342784430172776e+00
6.290000000000000036e+00 1.004459350988939681e+00 1.010542384052899534e+00 1.002615587849873924e+00
6.310000000000000497e+00 1.003502389568657005e+00 1.006128287071072602e+00 1.003019061538100276e+00
6.330000000000000071e+00 1.003195766002962008e+00 1.008826997207660670e+00 9.969474692756725709e-01
6.349999999999999645e+00 1.003368678413292026e+00 1.006934314489066562e+00 9.985110807018585666e-01
6.370000000000000107e+00 1.007971676507404268e+00 1.006389702901898220e+00 9.984365758377010680e-01
6.390000000000000568e+00 1.008582251124517049e+00 1.005216134044473408e+00 9.998281130707694642e-01
6.410000000000000142e+00 9.995357778742124388e-01 1.009141395683511577e+00 1.001760960440273518e+00
6.429999999999999716e+00 1.010901504107130089e+00 1.002905477756341757e+00 1.007003126879531418e+00
6.450000000000000178e+00 1.009772110251264676e+00 1.000342422904977546e+00 9.991743083089222877e-01
6.470000000000000639e+00 1.011635258966098405e+00 1.008234793282324349e+00 1.006760115663732691e+00
6.490000000000000213e+00 1.017764193973826670e+00 9.996855003818697627e-01 1.004495336975333108e+00
6.509999999999999787e+00 1.010746956814131625e+00 1.001418379537604597e+00 1.002381550400856636e+00
6.530000000000000249e+00 1.019917792161457726e+00 1.004303534607773551e+00 1.001837808068951396e+00
6.550000000000000711e+00 1.015785520632922712e+00 9.984327896971216809e-01 1.004405537217218036e+00
6.570000000000000284e+00 1.012795676737816342e+00 1.000239548261273148e+00 1.004985193612545347e+00
6.589999999999999858e+00 1.013707014072607659e+00 1.000054985033219657e+00 1.002502572827944416e+00
6.610000000000000320e+00 1.007380672892515650e+00 9.989089579976572209e-01 1.006563304436276729e+00
6.630000000000000782e+00 1.022024295595348686e+00 1.003011134995109410e+00 9.997254389900213090e-01
6.650000000000000355e+00 1.015560674662926210e+00 9.970169994712370087e-01 1.011726518036497158e+00
6.669999999999999929e+00 1.010916856364174832e+00 9.972662671905665466e-01 1.003134260961062285e+00
6.689999999999999503e+00 1.009382218993171376e+00 9.960334708927415237e-01 1.000052454666067625e+00
6.709999999999999964e+00 1.025175295336937298e+00 9.963854588084506414e-01 1.006320123004775580e+00
6.730000000000000426e+00 1.020450092768854233e+00 9.965753734762518024e-01 1.006030464067373842e+00
6.750000000000000000e+00 1.014552293826451290e+00 9.979717409491309921e-01 1.004707267345865018e+00
6.769999999999999574e+00 1.015281228890181575e+00 9.937015977200822636e-01 1.008827552292841823e+00
6.790000000000000036e+00 1.017457680641774553e+00 9.941105290683954765e-01 1.004831039758592004e+00
6.810000000000000497e+00 1.013472335338493346e+00 9.906722240800904800e-01 1.003424873358017111e+00
6.830000000000000071e+00 1.016284529510628865e+00 9.938412582002590367e-01 1.005300983208491150e+00
6.849999999999999645e+00 1.014838950966826747e+00 9.967871579504306023e-01 1.007447876606141657e+00
6.870000000000000107e+00 1.014392189460755267e+00 9.917941455781514870e-01 1.010288887361951327e+00
6.890000000000000568e+00 1.006558464200992375e+00 9.945337157739737588e-01 1.007269957527070936e+00
6.910000000000000142e+00 1.007670858811625880e+00 9.992435033339350792e-01 1.005330737963115784e+00
6.929999999999999716e+00 1.007555282423373333e+00 9.956288970658033755e-01 1.007567887428058917e+00
6.950000000000000178e+00 1.010767146519625515e+00 9.954927577193460886e-01 1.006180990354237581e+00
6.970000000000000639e+00 1.005336781678708880e+00 9.969823188343654996e-01 1.005340705779995680e+00
6.990000000000000213e+00 1.004859828532521204e+00 9.967098514053981395e-01 1.007874730351474124e+00
7.009999999999999787e+00 1.004827404475038044e+00 1.000880350427220344e+00 1.006612017783079960e+00
7.030000000000000249e+00 1.006994924437544459e+00 9.964258042831861673e-01 1.003783534145231693e+00
7.050000000000000711e+00 1.011019431864245588e+00 9.969493511285034693e-01 1.009651486670510190e+00
7.070000000000000284e+00 1.009049490704144292e+00 9.961161417013786323e-01 1.006301958667137342e+00
7.089999999999999858e+00 1.010059224540657441e+00 9.937857941640063641e-01 1.012064801492306154e+00
7.110000000000000320e+00 1.005475784552934293e+00 9.963212689969320746e-01 1.009233309073054086e+00
7.130000000000000782e+00 1.004528490578529665e+00 9.970470434543327043e-01 1.007156818309576707e+00
7.150000000000000355e+00 1.006765724985074772e+00 1.000779019002292936e+00 1.009997469332926556e+00
7.169999999999999929e+00 1.004842028446632840e+00 9.956878065506802322e-01 1.009115218479510245e+00
7.189999999999999503e+00 1.012015895109051655e+00 1.000174562312427406e+00 1.006265836040852513e+00
7.209999999999999964e+00 1.002580417608006647e+00 9.965638702777525060e-01 1.007633440855034701e+00
7.230000000000000426e+00 1.000099628530813245e+00 9.986762695578732529e-01 9.966475713305507078e-01
7.250000000000000000e+00 1.000124917917742051e+00 9.964935988647783960e-01 1.002285121576492299e+00
7.269999999999999574e+00 1.006713630721527197e+00 9.935533057217060815e-01 1.002714311581476947e+00
7.290000000000000036e+00 9.949253508341301400e-01 9.944516565384938778e-01 9.971866460776195318e-01
7.310000000000000497e+00 9.911939065557628936e-01 9.889084964559147206e-01 9.952405187070739734e-01
7.330000000000000071e+00 9.871610197066140735e-01 9.882010282220584640e-01 9.932611653063729840e-01
7.349999999999999645e+00 9.844741640815023453e-01 9.825608129829404014e-01 9.878498953397457649e-01
7.370000000000000107e+00 9.829056053025728712e-01 9.850055982638521446e-01 9.864248559088394375e-01
7.390000000000000568e+00 9.783098080091996440e-01 9.832060224629387557e-01 9.818198954819296054e-01
7.410000000000000142e+00 9.738948171290414679e-01 9.756296386957127309e-01 9.850497222429782651e-01
7.429999999999999716e+00 9.764342856183412245e-01 9.739767657606007711e-01 9.751557345021729661e-01
7.450000000000000178e+00 9.763257608272107868e-01 9.721653553782624302e-01 9.734592634261904909e-01
7.470000000000000639e+00 9.742848787776369202e-01 9.684375973615098054e-01 9.716525974773105867e-01
7.490000000000000213e+00 9.686185088643785024e-01 9.687381061284492390e-01 9.714437998685626630e-01
7.509999999999999787e+00 9.639481627205257475e-01 9.670546155311762204e-01 9.664902732497778759e-01
7.530000000000000249e+00 9.608221242301814291e-01 9.607008866242719991e-01 9.654833485998440823e-01
7.550000000000000711e+00 9.642923333345448933e-01 9.576802293518248410e-01 9.590564871654235768e-01
7.570000000000000284e+00 9.579762361737653720e-01 9.576490494459976022e-01 9.566557101071441194e-01
7.589999999999999858e+00 9.494515439105296606e-01 9.506508115059901787e-01 9.522607014848138984e-01
7.610000000000000320e+00 9.470348333542539798e-01 9.475030850954928585e-01 9.504023684699643981e-01
7.630000000000000782e+00 9.366118908087669448e-01 9.393768284252987932e-01 9.434716942205033652e-01
7.650000000000000355e+00 9.360780696724847472e-01 9.329829469439764322e-01 9.302760818892825689e-01
7.669999999999999929e+00 9.302923145921232484e-01 9.282226903571892951e-01 9.353802197322933498e-01
7.689999999999999503e+00 9.276358544445261201e-01 9.214888881879425009e-01 9.258150922699219798e-01
7.709999999999999964e+00 9.209334579567415302e-01 9.199882294278184380e-01 9.222109073778821386e-01
7.730000000000000426e+00 9.172844420491846895e-01 9.171658017342452229e-01 9.176288946506176991e-01
7.750000000000000000e+00 9.129155087084391829e-01 9.105072726773753011e-01 9.149175023599505074e-01
7.769999999999999574e+00 9.124851347420614989e-01 9.071505046707649678e-01 9.066257024495066874e-01
7.790000000000000036e+00 9.103874593461135367e-01 9.008840594741130969e-01 9.023385543935538156e-01
7.810000000000000497e+00 9.049182653024490097e-01 8.909018967468211869e-01 8.952528698957061826e-01
7.830000000000000071e+00 8.975242874110425095e-01 8.910164540574510017e-01 8.954442351232213548e-01
7.849999999999999645e+00 8.888318127490324461e-01 8.882308278255854894e-01 8.854621585154944796e-01
7.870000000000000107e+00 8.831326673424477747e-01 8.799686087111981969e-01 8.843158819646543822e-01
7.890000000000000568e+00 8.751557196435274522e-01 8.773037398388082719e-01 8.781298856448127577e-01
7.910000000000000142e+00 8.754498885093873195e-01 8.716456814850340740e-01 8.707881887888475614e-01
7.929999999999999716e+00 8.680906000578887394e-01 8.636124066006770628e-01 8.695132838661003838e-01
7.950000000000000178e+00 8.717213796709459839e-01 8.632986560858495473e-01 8.621429461212984924e-01
7.970000000000000639e+00 8.618275644444686190e-01 8.596758111613956865e-01 8.588706844262737894e-01
7.990000000000000213e+00 8.588957339111267242e-01 8.513418788406631466e-01 8.547707019606817225e-01
