r_A g_B_B g_B_Fe g_Fe_Fe
1.000000000000000021e-02 0.000000000000000000e+00 0.000000000000000000e+00 0.000000000000000000e+00
2.999999999999999889e-02 0.000000000000000000e+00 0.000000000000000000e+00 0.000000000000000000e+00
5.000000000000000278e-02 0.000000000000000000e+00 0.000000000000000000e+00 0.000000000000000000e+00
7.000000000000000666e-02 0.000000000000000000e+00 0.000000000000000000e+00 0.000000000000000000e+00
8.999999999999999667e-02 0.000000000000000000e+00 0.000000000000000000e+00 0.000000000000000000e+00
1.100000000000000006e-01 0.000000000000000000e+00 0.000000000000000000e+00 0.000000000000000000e+00
1.300000000000000044e-01 0.000000000000000000e+00 0.000000000000000000e+00 0.000000000000000000e+00
1.500000000000000222e-01 0.000000000000000000e+00 0.000000000000000000e+00 0.000000000000000000e+00
1.699999999999999845e-01 0.000000000000000000e+00 0.000000000000000000e+00 0.000000000000000000e+00
1.900000000000000022e-01 0.000000000000000000e+00 0.000000000000000000e+00 0.000000000000000000e+00
2.100000000000000200e-01 0.000000000000000000e+00 0.000000000000000000e+00 0.000000000000000000e+00
2.299999999999999822e-01 0.000000000000000000e+00 0.000000000000000000e+00 0.000000000000000000e+00
2.500000000000000000e-01 0.000000000000000000e+00 0.000000000000000000e+00 0.000000000000000000e+00
2.700000000000000178e-01 0.000000000000000000e+00 0.000000000000000000e+00 0.000000000000000000e+00
2.900000000000000355e-01 0.000000000000000000e+00 0.000000000000000000e+00 0.000000000000000000e+00
3.099999999999999978e-01 0.000000000000000000e+00 0.000000000000000000e+00 0.000000000000000000e+00
3.300000000000000155e-01 0.000000000000000000e+00 0.000000000000000000e+00 0.000000000000000000e+00
3.499999999999999778e-01 0.000000000000000000e+00 0.000000000000000000e+00 0.000000000000000000e+00
3.699999999999999956e-01 0.000000000000000000e+00 0.000000000000000000e+00 0.000000000000000000e+00
3.900000000000000133e-01 0.000000000000000000e+00 0.000000000000000000e+00 0.000000000000000000e+00
4.100000000000000311e-01 0.000000000000000000e+00 0.000000000000000000e+00 0.000000000000000000e+00
4.299999999999999933e-01 0.000000000000000000e+00 0.000000000000000000e+00 0.000000000000000000e+00
4.500000000000000111e-01 0.000000000000000000e+00 0.000000000000000000e+00 0.000000000000000000e+00
4.699999999999999734e-01 0.000000000000000000e+00 0.000000000000000000e+00 0.000000000000000000e+00
4.899999999999999911e-01 0.000000000000000000e+00 0.000000000000000000e+00 0.000000000000000000e+00
5.100000000000000089e-01 0.000000000000000000e+00 0.000000000000000000e+00 0.000000000000000000e+00
5.300000000000000266e-01 0.000000000000000000e+00 0.000000000000000000e+00 0.000000000000000000e+00
5.500000000000000444e-01 0.000000000000000000e+00 0.000000000000000000e+00 0.000000000000000000e+00
5.700000000000000622e-01 0.000000000000000000e+00 0.000000000000000000e+00 0.000000000000000000e+00
5.899999999999999689e-01 0.000000000000000000e+00 0.000000000000000000e+00 0.000000000000000000e+00
6.099999999999999867e-01 0.000000000000000000e+00 0.000000000000000000e+00 0.000000000000000000e+00
6.300000000000000044e-01 0.000000000000000000e+00 0.000000000000000000e+00 0.000000000000000000e+00
6.500000000000000222e-01 0.000000000000000000e+00 0.000000000000000000e+00 0.000000000000000000e+00
6.700000000000000400e-01 0.000000000000000000e+00 0.000000000000000000e+00 0.000000000000000000e+00
6.900000000000000577e-01 0.000000000000000000e+00 0.000000000000000000e+00 0.000000000000000000e+00
7.099999999999999645e-01 0.000000000000000000e+00 0.000000000000000000e+00 0.000000000000000000e+00
7.299999999999999822e-01 0.000000000000000000e+00 0.000000000000000000e+00 0.000000000000000000e+00
7.500000000000000000e-01 0.000000000000000000e+00 0.000000000000000000e+00 0.000000000000000000e+00
7.700000000000000178e-01 0.000000000000000000e+00 0.000000000000000000e+00 0.000000000000000000e+00
7.900000000000000355e-01 0.000000000000000000e+00 0.000000000000000000e+00 0.000000000000000000e+00
8.100000000000000533e-01 0.000000000000000000e+00 0.000000000000000000e+00 0.000000000000000000e+00
8.300000000000000711e-01 0.000000000000000000e+00 0.000000000000000000e+00 0.000000000000000000e+00
8.499999999999999778e-01 0.000000000000000000e+00 0.000000000000000000e+00 0.000000000000000000e+00
8.699999999999999956e-01 0.000000000000000000e+00 0.000000000000000000e+00 0.000000000000000000e+00
8.900000000000000133e-01 0.000000000000000000e+00 0.000000000000000000e+00 0.000000000000000000e+00
9.100000000000000311e-01 0.000000000000000000e+00 0.000000000000000000e+00 0.000000000000000000e+00
9.300000000000000488e-01 0.000000000000000000e+00 0.000000000000000000e+00 0.000000000000000000e+00
9.499999999999999556e-01 0.000000000000000000e+00 0.000000000000000000e+00 0.000000000000000000e+00
9.699999999999999734e-01 0.000000000000000000e+00 0.000000000000000000e+00 0.000000000000000000e+00
9.899999999999999911e-01 0.000000000000000000e+00 0.000000000000000000e+00 0.000000000000000000e+00
1.010000000000000009e+00 0.000000000000000000e+00 0.000000000000000000e+00 0.000000000000000000e+00
1.030000000000000027e+00 0.000000000000000000e+00 0.000000000000000000e+00 0.000000000000000000e+00
1.050000000000000044e+00 0.000000000000000000e+00 0.000000000000000000e+00 0.000000000000000000e+00
1.070000000000000062e+00 0.000000000000000000e+00 0.000000000000000000e+00 0.000000000000000000e+00
1.090000000000000080e+00 0.000000000000000000e+00 0.000000000000000000e+00 0.000000000000000000e+00
1.110000000000000098e+00 0.000000000000000000e+00 0.000000000000000000e+00 0.000000000000000000e+00
1.130000000000000115e+00 0.000000000000000000e+00 0.000000000000000000e+00 0.000000000000000000e+00
1.149999999999999911e+00 0.000000000000000000e+00 0.000000000000000000e+00 0.000000000000000000e+00
1.169999999999999929e+00 0.000000000000000000e+00 0.000000000000000000e+00 0.000000000000000000e+00
1.189999999999999947e+00 0.000000000000000000e+00 0.000000000000000000e+00 0.000000000000000000e+00
1.209999999999999964e+00 0.000000000000000000e+00 0.000000000000000000e+00 0.000000000000000000e+00
1.229999999999999982e+00 0.000000000000000000e+00 0.000000000000000000e+00 0.000000000000000000e+00
1.250000000000000000e+00 0.000000000000000000e+00 0.000000000000000000e+00 0.000000000000000000e+00
1.270000000000000018e+00 0.000000000000000000e+00 0.000000000000000000e+00 0.000000000000000000e+00
1.290000000000000036e+00 0.000000000000000000e+00 0.000000000000000000e+00 0.000000000000000000e+00
1.310000000000000053e+00 0.000000000000000000e+00 0.000000000000000000e+00 0.000000000000000000e+00
1.330000000000000071e+00 0.000000000000000000e+00 0.000000000000000000e+00 0.000000000000000000e+00
1.350000000000000089e+00 0.000000000000000000e+00 0.000000000000000000e+00 0.000000000000000000e+00
1.370000000000000107e+00 0.000000000000000000e+00 0.000000000000000000e+00 0.000000000000000000e+00
1.390000000000000124e+00 0.000000000000000000e+00 0.000000000000000000e+00 0.000000000000000000e+00
1.410000000000000142e+00 0.000000000000000000e+00 0.000000000000000000e+00 0.000000000000000000e+00
1.429999999999999938e+00 0.000000000000000000e+00 0.000000000000000000e+00 0.000000000000000000e+00
1.449999999999999956e+00 8.649765661507945874e-03 0.000000000000000000e+00 0.000000000000000000e+00
1.469999999999999973e+00 2.104000658917730762e-02 0.000000000000000000e+00 0.000000000000000000e+00
1.489999999999999991e+00 2.457476813098043861e-02 0.000000000000000000e+00 0.000000000000000000e+00
1.510000000000000009e+00 6.779628764918460559e-02 0.000000000000000000e+00 0.000000000000000000e+00
1.530000000000000027e+00 1.359553287882655226e-01 0.000000000000000000e+00 0.000000000000000000e+00
1.550000000000000044e+00 2.043814960508688883e-01 0.000000000000000000e+00 0.000000000000000000e+00
1.570000000000000062e+00 2.988113412674258118e-01 0.000000000000000000e+00 0.000000000000000000e+00
1.590000000000000080e+00 4.639882379200743201e-01 0.000000000000000000e+00 0.000000000000000000e+00
1.610000000000000098e+00 6.454724671519657120e-01 4.247971824412141869e-04 0.000000000000000000e+00
1.630000000000000115e+00 8.350767739946234336e-01 4.144367954955389759e-04 0.000000000000000000e+00
1.650000000000000133e+00 1.012014321931643535e+00 2.831155990346106467e-03 0.000000000000000000e+00
1.669999999999999929e+00 1.072691898973788582e+00 4.737858406371682138e-03 0.000000000000000000e+00
1.689999999999999947e+00 1.321255641829794492e+00 1.272255762040554877e-02 0.000000000000000000e+00
1.709999999999999964e+00 1.330956413719945663e+00 2.071116279746373565e-02 0.000000000000000000e+00
1.729999999999999982e+00 1.367202067589063041e+00 4.782833621861051765e-02 0.000000000000000000e+00
1.750000000000000000e+00 1.454897814684925850e+00 7.838169189764623845e-02 0.000000000000000000e+00
1.770000000000000018e+00 1.448327003520506917e+00 1.602701537588137881e-01 0.000000000000000000e+00
1.790000000000000036e+00 1.376411823008084623e+00 2.501841335506323483e-01 0.000000000000000000e+00
1.810000000000000053e+00 1.237914146829151907e+00 3.549288599232683916e-01 0.000000000000000000e+00
1.830000000000000071e+00 1.243587109528887513e+00 5.323280008200172997e-01 0.000000000000000000e+00
1.850000000000000089e+00 1.102599131389461640e+00 7.547780913914726719e-01 0.000000000000000000e+00
1.870000000000000107e+00 1.079140469883559827e+00 9.966101958078450451e-01 1.586820726989392584e-04
1.890000000000000124e+00 8.833220052734571670e-01 1.298373568900462516e+00 1.553415221781590048e-04
1.910000000000000142e+00 9.596376149589463944e-01 1.631714989250301118e+00 0.000000000000000000e+00
1.929999999999999938e+00 7.152639748699094469e-01 1.994782428208809133e+00 1.489692780425625417e-04
1.949999999999999956e+00 6.241438756786572561e-01 2.360641868871302673e+00 1.605221148266980499e-03
1.969999999999999973e+00 6.654254292684634864e-01 2.695703360308517205e+00 2.859624640584787318e-03
1.989999999999999991e+00 5.120499057563562273e-01 3.045525524632681336e+00 7.146206887122630996e-03
2.009999999999999787e+00 4.974091975892929729e-01 3.286385803882963863e+00 1.222389261542787368e-02
2.030000000000000249e+00 4.214586914099861525e-01 3.555687070606457389e+00 2.585359000775280802e-02
2.049999999999999822e+00 4.132752871413589713e-01 3.702285954403830459e+00 4.568568588323185936e-02
2.070000000000000284e+00 3.310531806911919950e-01 3.820225713862503536e+00 7.977225341307038475e-02
2.089999999999999858e+00 3.060121599355767330e-01 3.975848676169785101e+00 1.185225467595569931e-01
2.110000000000000320e+00 2.634746182864416975e-01 3.984678622565367867e+00 1.844627889730504067e-01
2.129999999999999893e+00 2.204689954858645995e-01 3.866271450311955959e+00 2.789832344273617815e-01
2.150000000000000355e+00 2.163863540741734759e-01 3.793961267809668136e+00 3.711715248875737116e-01
2.169999999999999929e+00 2.317266269212877039e-01 3.651625429234626630e+00 5.082438516938473372e-01
2.190000000000000391e+00 1.763229878043090781e-01 3.520949662717291595e+00 6.438565794822674881e-01
2.209999999999999964e+00 1.266014375898789346e-01 3.340952884477073503e+00 8.335779636262504733e-01
2.230000000000000426e+00 1.901682184960868105e-01 3.153311057229785774e+00 1.029252367308545857e+00
2.250000000000000000e+00 1.293248062837436818e-01 2.951772750020466241e+00 1.224664476127959922e+00
2.270000000000000462e+00 1.676433448657121961e-01 2.690785976768925281e+00 1.470780292777718268e+00
2.290000000000000036e+00 1.005707072480547942e-01 2.518216544504554122e+00 1.662437477219658177e+00
2.310000000000000053e+00 1.175816780618448437e-01 2.256684226099092250e+00 1.867335386900972782e+00
2.330000000000000071e+00 1.390211317318861550e-01 2.098644632479511607e+00 2.111591983064228906e+00
2.349999999999999645e+00 1.004404673905140849e-01 1.888809488684720650e+00 2.257670798880909491e+00
2.370000000000000107e+00 9.551464771124003328e-02 1.727288558692779308e+00 2.428966299932062256e+00
2.389999999999999680e+00 1.289448254244980052e-01 1.564525573760709332e+00 2.588698671752523772e+00
2.410000000000000142e+00 1.095919610447681491e-01 1.424346903080893512e+00 2.708422317587229955e+00
2.429999999999999716e+00 1.308944289620780632e-01 1.294332958373128895e+00 2.835898434315544669e+00
2.450000000000000178e+00 1.121022618117638731e-01 1.156066410054360283e+00 2.875113475815010311e+00
2.469999999999999751e+00 1.296702084961834645e-01 1.054938641723505599e+00 2.948618272385978845e+00
2.490000000000000213e+00 1.217290686378190295e-01 9.686191900823892809e-01 2.971876459747888610e+00
2.509999999999999787e+00 1.313435914497573243e-01 8.728462726091491541e-01 2.940734939237239054e+00
2.530000000000000249e+00 1.647904050148197852e-01 7.916665126691905252e-01 2.892517924678577934e+00
2.549999999999999822e+00 1.510283244413704040e-01 7.054652773547908096e-01 2.889905956973928713e+00
2.570000000000000284e+00 1.652076081106875760e-01 6.493487187931304971e-01 2.823006684379840259e+00
2.589999999999999858e+00 1.626660031201762058e-01 5.917558326398185686e-01 2.752940651230690872e+00
2.610000000000000320e+00 1.721962963966758020e-01 5.372999989673887811e-01 2.635644942204363517e+00
2.629999999999999893e+00 1.958799183909193942e-01 5.071905416264037569e-01 2.548540277317609792e+00
2.650000000000000355e+00 1.864601025190323336e-01 4.498582643755481003e-01 2.450638153506166095e+00
2.669999999999999929e+00 2.053612780717765374e-01 4.108620678813735827e-01 2.341128111428442349e+00
2.690000000000000391e+00 3.053633763526146794e-01 4.108621817244382801e-01 2.250848972033963502e+00
2.709999999999999964e+00 3.070636187582569954e-01 3.716849174324788896e-01 2.140982948113670403e+00
2.730000000000000426e+00 3.343032219284677864e-01 3.507457703382140246e-01 2.003705798930305093e+00
2.750000000000000000e+00 3.258511250914357116e-01 3.216380188413343055e-01 1.902319379541633326e+00
2.770000000000000462e+00 4.977429316980376273e-01 3.139965361906109642e-01 1.800314908100957068e+00
2.790000000000000036e+00 4.754461979885744038e-01 2.956480264097024468e-01 1.690265089360017292e+00
2.810000000000000053e+00 4.882796440428230911e-01 2.895021813459970339e-01 1.595312370848964934e+00
2.830000000000000071e+00 5.495255871168753803e-01 2.815750942251757927e-01 1.475636406694830871e+00
2.849999999999999645e+00 6.605074876691002794e-01 2.747901814265311660e-01 1.379918967857577616e+00
2.870000000000000107e+00 6.954921529961023419e-01 2.664285198943344701e-01 1.300257828378673652e+00
2.889999999999999680e+00 7.468681385625577374e-01 2.577438475855490796e-01 1.214822321922442550e+00
2.910000000000000142e+00 8.461663799692950017e-01 2.650058472482758054e-01 1.113584414088153007e+00
2.929999999999999716e+00 8.611342334971840984e-01 2.538328532961385275e-01 1.042781755768253715e+00
2.950000000000000178e+00 9.738396497235236593e-01 2.603985966547973097e-01 9.739178109606613232e-01
2.969999999999999751e+00 1.076225293799876415e+00 2.658912391852469859e-01 9.036625990068696268e-01
2.990000000000000213e+00 1.123920306643688694e+00 2.635777472523407883e-01 8.484142708819792933e-01
3.009999999999999787e+00 1.125092577276226136e+00 2.679865323919646269e-01 7.812591899594040212e-01
3.030000000000000249e+00 1.181600988836047028e+00 2.698575969565773502e-01 7.370120258493938481e-01
3.049999999999999822e+00 1.297140214913179435e+00 2.898855147183307945e-01 6.845489712403387550e-01
3.070000000000000284e+00 1.364232396118627122e+00 2.896257718830674843e-01 6.299712183459965642e-01
3.089999999999999858e+00 1.454245732162778637e+00 3.184101446400840474e-01 5.993517257728835368e-01
3.110000000000000320e+00 1.489190092986376612e+00 3.227526024949395889e-01 5.586794705054261012e-01
3.129999999999999893e+00 1.462794424329505016e+00 3.606770664902121393e-01 5.194476168503232572e-01
3.150000000000000355e+00 1.523090428106540051e+00 3.596627237568911228e-01 4.960954343260262633e-01
3.169999999999999929e+00 1.498502953615125532e+00 3.961204839807871969e-01 4.742833242118968395e-01
3.190000000000000391e+00 1.580746686319412619e+00 4.086986098720162830e-01 4.431076487494357008e-01
3.209999999999999964e+00 1.673185526469248785e+00 4.413443247170403261e-01 4.152007465794285701e-01
3.230000000000000426e+00 1.628124739671077181e+00 4.745247125025011670e-01 3.973099002318699613e-01
3.250000000000000000e+00 1.658079791360842714e+00 4.851736999829532326e-01 3.798791752635282681e-01
3.270000000000000462e+00 1.648064290685596900e+00 5.192122693392440258e-01 3.690711569440396911e-01
3.290000000000000036e+00 1.638169040149904054e+00 5.722270159778435339e-01 3.591635182253147263e-01
3.310000000000000497e+00 1.690639283671502513e+00 6.002075506732345023e-01 3.472898238997833009e-01
3.330000000000000071e+00 1.670392350073641952e+00 6.296612179490488348e-01 3.375761701837847184e-01
3.349999999999999645e+00 1.664281444399472676e+00 6.648466085320847707e-01 3.255473283622795644e-01
3.370000000000000107e+00 1.654194134824616524e+00 7.258179606051259336e-01 3.281442725624713064e-01
3.389999999999999680e+00 1.637898273965852525e+00 7.547431042891363795e-01 3.269394857199833804e-01
3.410000000000000142e+00 1.596063763607840080e+00 7.976194985357483169e-01 3.228770733059771469e-01
3.429999999999999716e+00 1.471616706029615029e+00 8.376691650142709111e-01 3.218111728545390848e-01
3.450000000000000178e+00 1.543224817836901019e+00 8.816423807502227206e-01 3.339417834208484592e-01
3.469999999999999751e+00 1.529262755381891159e+00 9.230858908903737392e-01 3.392742340417670976e-01
3.490000000000000213e+00 1.464005765665948422e+00 9.593656471958229570e-01 3.414560500865847503e-01
3.509999999999999787e+00 1.519701088521232535e+00 9.809969447696882394e-01 3.509528336652236735e-01
3.530000000000000249e+00 1.459474996162059446e+00 1.042019538666078660e+00 3.683177642627447068e-01
3.549999999999999822e+00 1.427924270165759957e+00 1.059407045557565485e+00 3.815275728123403431e-01
3.570000000000000284e+00 1.486171531035033855e+00 1.090682593542544376e+00 3.980763431338177338e-01
3.589999999999999858e+00 1.391342739577393184e+00 1.102657421293735895e+00 4.152670082133551044e-01
3.610000000000000320e+00 1.385039733130884798e+00 1.141000616424326708e+00 4.537262592311679388e-01
3.629999999999999893e+00 1.355327875291417961e+00 1.158044298484922408e+00 4.772498026795375936e-01
3.650000000000000355e+00 1.272943877270261925e+00 1.157455361461285692e+00 5.063963199588431552e-01
3.669999999999999929e+00 1.287462907451321081e+00 1.204881436464640965e+00 5.399482994859056140e-01
3.690000000000000391e+00 1.287568875613545716e+00 1.190642775109822527e+00 5.542431449083028427e-01
3.709999999999999964e+00 1.259850631322082526e+00 1.208480296152523392e+00 5.987579420083731785e-01
3.730000000000000426e+00 1.269905290108031881e+00 1.207427158957097513e+00 6.424482260211977769e-01
3.750000000000000000e+00 1.204019020194498468e+00 1.223632523173087350e+00 6.728240501211835145e-01
3.770000000000000462e+00 1.248858776542737026e+00 1.204331295070087071e+00 7.294988316351614932e-01
3.790000000000000036e+00 1.271163799975713493e+00 1.231286614501967636e+00 7.739331675562672874e-01
3.810000000000000497e+00 1.255974043621441272e+00 1.212325226231088626e+00 8.112422838236678091e-01
3.830000000000000071e+00 1.326577033971700015e+00 1.223342588350142757e+00 8.557136945780490223e-01
3.849999999999999645e+00 1.320805382364840019e+00 1.226414555600641609e+00 8.955134495521970273e-01
3.870000000000000107e+00 1.292010261274336935e+00 1.214138828079506460e+00 9.467476063405043663e-01
3.889999999999999680e+00 1.313011463707065563e+00 1.192371962910153682e+00 9.918963040200583503e-01
3.910000000000000142e+00 1.312698857758591631e+00 1.202460796504499774e+00 1.027290393937492885e+00
3.929999999999999716e+00 1.337640855320305633e+00 1.188613416278510915e+00 1.063028209253817691e+00
3.950000000000000178e+00 1.337533926430537479e+00 1.197073740917000473e+00 1.091056250018110241e+00
3.969999999999999751e+00 1.451019648208405011e+00 1.197688439218342893e+00 1.125473222024249820e+00
3.990000000000000213e+00 1.428513098489597954e+00 1.178725895514063149e+00 1.159077323316632269e+00
4.009999999999999787e+00 1.404685766765321198e+00 1.178090768220278584e+00 1.192681376240408930e+00
4.030000000000000249e+00 1.401416097822578921e+00 1.165816401355616927e+00 1.210222023044929207e+00
4.050000000000000711e+00 1.372086559486263457e+00 1.172053403573532382e+00 1.228272288374533172e+00
4.070000000000000284e+00 1.392669327637130472e+00 1.165415350032273922e+00 1.244737734417671104e+00
4.089999999999999858e+00 1.410066926511593932e+00 1.183469351484662813e+00 1.253624906574614783e+00
4.109999999999999432e+00 1.373229719085501621e+00 1.171849076434487325e+00 1.263791647503044402e+00
4.129999999999999893e+00 1.388749806671056186e+00 1.160010501976726172e+00 1.276435844039259138e+00
4.150000000000000355e+00 1.395987895973256787e+00 1.169763543173408804e+00 1.276083715652003514e+00
4.169999999999999929e+00 1.411913392173055781e+00 1.183139300347517686e+00 1.283657386643449749e+00
4.189999999999999503e+00 1.327507463822398037e+00 1.196332420371334804e+00 1.280819516415254711e+00
4.209999999999999964e+00 1.296455066794592215e+00 1.196921069361525092e+00 1.278541042216880363e+00
4.230000000000000426e+00 1.291847467860223864e+00 1.197322043382644363e+00 1.280062802078899997e+00
4.250000000000000000e+00 1.281731251827911811e+00 1.193212237874454296e+00 1.282052336720680641e+00
4.269999999999999574e+00 1.244816318354071027e+00 1.230374737812767849e+00 1.277040006978177544e+00
4.290000000000000036e+00 1.190745386421649732e+00 1.233169164849639898e+00 1.271974747709734066e+00
4.310000000000000497e+00 1.144475297072042208e+00 1.225663272636063450e+00 1.261272669382656142e+00
4.330000000000000071e+00 1.116952254392032051e+00 1.246316213743031254e+00 1.255626588710070379e+00
4.349999999999999645e+00 1.109107804752205606e+00 1.249139122483510000e+00 1.238594086324940502e+00
4.370000000000000107e+00 1.076123320529247529e+00 1.250474419285559247e+00 1.222314047490492550e+00
4.390000000000000568e+00 1.052657319279994397e+00 1.256533002181220215e+00 1.230147907418084774e+00
4.410000000000000142e+00 9.673860117100198108e-01 1.267412948654227378e+00 1.210341594059010095e+00
4.429999999999999716e+00 9.656211296813010936e-01 1.268956018202381575e+00 1.207835450162546342e+00
4.450000000000000178e+00 9.188477823960448099e-01 1.265526918310570625e+00 1.201066064527619437e+00
4.470000000000000639e+00 9.010868572649471941e-01 1.268335571769522607e+00 1.188981528098513651e+00
4.490000000000000213e+00 8.651122041054788436e-01 1.255313737038179056e+00 1.194101924240256185e+00
4.509999999999999787e+00 8.163270988456008403e-01 1.253028986527694011e+00 1.188745404479097267e+00
4.530000000000000249e+00 8.113504300830549631e-01 1.218110939873995324e+00 1.186654565173182796e+00
4.550000000000000711e+00 7.638240442447450373e-01 1.229764878199722133e+00 1.180533943784079387e+00
4.570000000000000284e+00 7.445266589787548073e-01 1.223084366969720227e+00 1.176042373138180386e+00
4.589999999999999858e+00 7.186301194304997031e-01 1.208476760195271948e+00 1.177194165219942690e+00
4.610000000000000320e+00 7.111246341968028295e-01 1.187754904069252548e+00 1.189613634575855450e+00
4.629999999999999893e+00 6.922687588928714275e-01 1.163903693800644623e+00 1.180652671493535477e+00
4.650000000000000355e+00 6.610939797805015505e-01 1.163639871027943862e+00 1.186557796281215937e+00
4.669999999999999929e+00 6.654504115354840099e-01 1.122390551822543436e+00 1.190664827921981805e+00
4.689999999999999503e+00 6.664014445044950108e-01 1.094666495416148022e+00 1.186283370925928171e+00
4.709999999999999964e+00 6.710014342701892121e-01 1.061812631574396759e+00 1.196641117898671780e+00
4.730000000000000426e+00 6.596488766324205555e-01 1.043697859899397340e+00 1.193487590117108255e+00
4.750000000000000000e+00 6.633751607770573822e-01 1.028046045847007983e+00 1.186975269230674535e+00
4.769999999999999574e+00 6.522288364197115218e-01 9.958747770928824128e-01 1.204186426295509760e+00
4.790000000000000036e+00 6.618537734446471310e-01 9.690510226310435904e-01 1.190838272042376911e+00
4.810000000000000497e+00 6.540030585576043221e-01 9.435423154696904735e-01 1.192012549590803605e+00
4.830000000000000071e+00 6.840683143882668737e-01 9.234252305543405592e-01 1.188559680610726366e+00
4.849999999999999645e+00 6.730261121565913607e-01 8.926064382553561272e-01 1.186727240140105888e+00
4.870000000000000107e+00 6.855296093165003102e-01 8.737294490386074974e-01 1.172156882290036117e+00
4.890000000000000568e+00 6.902009323303436306e-01 8.671956411135440801e-01 1.170014169998557785e+00
4.910000000000000142e+00 6.891157857285270527e-01 8.345674961125242319e-01 1.169363516761607436e+00
4.929999999999999716e+00 7.381589451120792456e-01 8.168914369749277204e-01 1.153616573211400320e+00
4.950000000000000178e+00 7.526173015163060143e-01 7.892719652645333595e-01 1.150337276889438431e+00
4.970000000000000639e+00 7.086545928869253386e-01 7.766023164431330450e-01 1.132965425478122512e+00
4.990000000000000213e+00 7.833265735297547661e-01 7.565923017594298194e-01 1.127712493561194185e+00
5.009999999999999787e+00 7.785340701652624373e-01 7.562667481658403856e-01 1.114393718810442913e+00
5.030000000000000249e+00 8.348912382837352375e-01 7.341617608844621667e-01 1.101820927066081257e+00
5.050000000000000711e+00 8.293610252318829312e-01 7.296102831030654157e-01 1.080142771927233403e+00
5.070000000000000284e+00 8.228306573320777195e-01 7.332467272277868320e-01 1.073882836159613330e+00
5.089999999999999858e+00 8.767455020080181516e-01 7.225231428239856646e-01 1.056700303399929819e+00
5.110000000000000320e+00 8.740748064449294086e-01 7.135892525437245171e-01 1.053736294133489793e+00
5.129999999999999893e+00 9.111546279124387304e-01 7.235172849736302148e-01 1.019854148809739236e+00
5.150000000000000355e+00 9.071770855960632485e-01 7.089825382246238705e-01 1.000671461927522765e+00
5.169999999999999929e+00 9.273879734736687475e-01 7.075038299442013567e-01 9.891036525305801907e-01
5.189999999999999503e+00 9.334200350226394827e-01 7.168598352153985331e-01 9.710918952876232968e-01
5.209999999999999964e+00 9.537372015987886087e-01 7.088110206873524666e-01 9.537154399657046255e-01
5.230000000000000426e+00 9.893415658911818289e-01 7.271918150332997710e-01 9.273859978500151868e-01
5.250000000000000000e+00 9.973239559678584998e-01 7.426357632397471153e-01 9.215013476010602833e-01
5.269999999999999574e+00 1.014979283476425520e+00 7.269789117899903008e-01 9.038909996943582659e-01
5.290000000000000036e+00 1.053135870887782932e+00 7.578502283634735992e-01 8.861235412330404904e-01
5.310000000000000497e+00 9.852328750947908498e-01 7.627744271773932994e-01 8.707427383247027253e-01
5.330000000000000071e+00 1.063314990044494701e+00 7.663631936215382634e-01 8.561143180651766826e-01
5.349999999999999645e+00 1.043307464255158745e+00 7.965757924321617001e-01 8.451307526395759329e-01
5.370000000000000107e+00 1.091364346354887216e+00 7.994739992377092319e-01 8.266089206713805870e-01
5.390000000000000568e+00 1.100807996056012650e+00 8.154592926871928604e-01 8.134570578813568043e-01
5.410000000000000142e+00 1.090819870550910453e+00 8.226465549939608879e-01 8.071503647803640602e-01
5.429999999999999716e+00 1.115798178874713775e+00 8.423287918697504040e-01 7.978655375763354929e-01
5.450000000000000178e+00 1.112522151284766947e+00 8.579932933206485535e-01 7.865652716696943658e-01
5.470000000000000639e+00 1.131753305742595028e+00 8.680335974203092775e-01 7.750006373343342192e-01
5.490000000000000213e+00 1.100291682519489722e+00 8.863443752975103118e-01 7.672838861091456630e-01
5.509999999999999787e+00 1.127660951218756091e+00 8.987814855128590796e-01 7.618335460414025206e-01
5.530000000000000249e+00 1.136170575066531852e+00 9.178571627188266691e-01 7.543551276073099388e-01
5.550000000000000711e+00 1.121797315203501899e+00 9.314873066508896349e-01 7.482255596661443464e-01
5.570000000000000284e+00 1.136324001416452179e+00 9.464600090668375820e-01 7.492292446465977918e-01
5.589999999999999858e+00 1.121223433339951336e+00 9.707445470565946311e-01 7.481572793116580966e-01
5.610000000000000320e+00 1.143002910633671210e+00 9.677889487903835741e-01 7.499025668411637424e-01
5.629999999999999893e+00 1.135183420925014675e+00 9.962898869783410882e-01 7.542651955406380893e-01
5.650000000000000355e+00 1.183276880054582092e+00 1.012635825785982879e+00 7.616241112291631810e-01
5.669999999999999929e+00 1.155993269503211796e+00 1.024068622414797680e+00 7.607482645925441878e-01
5.689999999999999503e+00 1.163609315070964101e+00 1.048920167931236325e+00 7.703893524020544170e-01
5.709999999999999964e+00 1.146268603743660686e+00 1.038140272320528412e+00 7.823787761446905353e-01
5.730000000000000426e+00 1.126371682155014042e+00 1.066690271354512776e+00 7.829771436786217009e-01
5.750000000000000000e+00 1.135601588956066221e+00 1.067475635374233400e+00 8.023624240583225875e-01
5.769999999999999574e+00 1.119002711031263697e+00 1.086944389525944521e+00 8.054933865476229249e-01
5.790000000000000036e+00 1.112912943911179120e+00 1.094951524460870074e+00 8.232273308891021601e-01
5.810000000000000497e+00 1.141091561391933018e+00 1.103018557236441932e+00 8.320353246894968136e-01
5.830000000000000071e+00 1.101706832266616365e+00 1.106543353351385539e+00 8.406706333109550400e-01
5.849999999999999645e+00 1.088075388074354555e+00 1.115882381856692973e+00 8.559462574354986808e-01
5.870000000000000107e+00 1.059561483873638466e+00 1.123758432239365224e+00 8.721057209325648873e-01
5.890000000000000568e+00 1.036651348246150572e+00 1.125598302829143416e+00 8.838196511240465902e-01
5.910000000000000142e+00 1.067917038502594229e+00 1.121776011903655279e+00 8.963720738962517309e-01
5.929999999999999716e+00 1.069517678419564133e+00 1.131757454538528718e+00 9.073940391487496093e-01
5.950000000000000178e+00 1.044103244818352705e+00 1.108952346453488280e+00 9.222760311663108501e-01
5.970000000000000639e+00 9.970632804815464656e-01 1.124057175731836722e+00 9.346966022428249143e-01
5.990000000000000213e+00 9.985260730772160809e-01 1.116563489074220650e+00 9.528078549915299789e-01
6.009999999999999787e+00 9.727584427961587510e-01 1.114235525049119158e+00 9.546344913556764622e-01
6.030000000000000249e+00 9.893238898483913690e-01 1.118333899233906470e+00 9.735539632306917657e-01
6.050000000000000711e+00 9.711174577826551246e-01 1.108605674144610198e+00 9.770881195918004192e-01
6.070000000000000284e+00 9.546098829377367423e-01 1.091689096461361697e+00 9.870155611767088555e-01
6.089999999999999858e+00 9.537440939716058663e-01 1.080284895867587247e+00 9.901936321903999083e-01
6.110000000000000320e+00 9.353316965735913868e-01 1.063136765350598978e+00 9.991802444836619390e-01
6.130000000000000782e+00 9.333521677142873063e-01 1.047126771529618416e+00 9.969238617760838306e-01
6.150000000000000355e+00 8.943542219007333260e-01 1.035494497544442227e+00 9.990916692457036952e-01
6.169999999999999929e+00 9.203341484429718999e-01 1.027432832261518270e+00 9.980182755139167528e-01
6.189999999999999503e+00 8.871046527478185784e-01 9.993944095299773789e-01 1.006525066348489483e+00
6.209999999999999964e+00 8.894168322032669494e-01 9.883703864911222992e-01 1.006225154346574779e+00
6.230000000000000426e+00 8.574757662595611230e-01 9.717646858695703216e-01 9.970014366379353898e-01
6.250000000000000000e+00 8.589802861449904459e-01 9.510944280260109629e-01 9.874630281643859142e-01
6.269999999999999574e+00 8.403248058897989647e-01 9.396587210850618765e-01 9.939616332376255414e-01
6.290000000000000036e+00 8.232678590943691699e-01 9.140714152177215057e-01 9.842566534430878811e-01
6.310000000000000497e+00 8.107491590392508218e-01 9.015382558331164198e-01 9.823336042726270589e-01
6.330000000000000071e+00 8.044993435801591763e-01 8.959327789816309284e-01 9.740447904068183504e-01
6.349999999999999645e+00 7.834282725035116579e-01 8.764801121528388306e-01 9.553682075974668786e-01
6.370000000000000107e+00 8.042877846475647852e-01 8.584477234755628627e-01 9.483117866808403740e-01
6.390000000000000568e+00 7.761004718283311954e-01 8.406775010895670697e-01 9.448853810358853744e-01
6.410000000000000142e+00 7.630765045899391419e-01 8.247199541851421012e-01 9.390927997276458106e-01
6.429999999999999716e+00 7.587767848560000861e-01 8.057484355978665747e-01 9.215834577065991073e-01
6.450000000000000178e+00 7.212924702724258230e-01 8.053911765098316078e-01 9.064470082346415269e-01
6.470000000000000639e+00 7.214017712822000661e-01 7.874252186880273952e-01 8.917316760401327036e-01
6.490000000000000213e+00 7.091904397946061644e-01 7.731159093862035592e-01 8.848344704810175987e-01
6.509999999999999787e+00 6.782337747219249202e-01 7.620072323043344253e-01 8.711702978443125467e-01
6.530000000000000249e+00 6.858143592349215112e-01 7.440476367086783505e-01 8.516184837430722521e-01
6.550000000000000711e+00 6.865074372082953236e-01 7.335306267581210848e-01 8.368286889901581649e-01
6.570000000000000284e+00 6.665345041228545320e-01 7.288674089929463307e-01 8.266251681113184757e-01
6.589999999999999858e+00 6.547476594249390658e-01 7.179337464961553783e-01 8.096556445139632130e-01
6.610000000000000320e+00 6.270658030893195845e-01 7.056571485561643486e-01 7.916060304972906136e-01
6.630000000000000782e+00 6.423200138228564171e-01 6.932398424146352101e-01 7.791368562564497946e-01
6.650000000000000355e+00 6.057680455428242627e-01 6.797886378674253827e-01 7.664643472950524172e-01
6.669999999999999929e+00 6.003011691324563470e-01 6.718322041289925828e-01 7.451362848824019114e-01
6.689999999999999503e+00 6.013902570676187276e-01 6.628022847437858855e-01 7.393611036185082641e-01
6.709999999999999964e+00 5.830672626917497992e-01 6.486342442609491776e-01 7.282309722349109560e-01
6.730000000000000426e+00 5.992818479824683076e-01 6.384881626628846618e-01 7.108614269708727340e-01
6.750000000000000000e+00 5.765764692268310343e-01 6.277015723597106911e-01 7.006022552493614830e-01
6.769999999999999574e+00 5.561125299563824953e-01 6.237340552875205724e-01 6.790226925880276099e-01
6.790000000000000036e+00 5.512634332599589682e-01 6.134731788743508218e-01 6.731388306989798398e-01
6.810000000000000497e+00 5.599908140534857193e-01 6.040816961900558058e-01 6.589246551173445487e-01
6.830000000000000071e+00 5.545718089558882014e-01 6.004074369928890098e-01 6.438540867414958013e-01
6.849999999999999645e+00 5.251762469221814555e-01 5.911101807475308556e-01 6.366466868442373084e-01
6.870000000000000107e+00 5.437014164895727086e-01 5.861103557657770802e-01 6.208001445322417489e-01
6.890000000000000568e+00 5.309721139891525610e-01 5.725530775288532048e-01 6.113918921273182594e-01
6.910000000000000142e+00 5.191426258292816120e-01 5.702121032905043130e-01 6.001760928721879829e-01
6.929999999999999716e+00 5.121742435285437933e-01 5.523431771671113433e-01 5.901077415184652342e-01
6.950000000000000178e+00 5.043360824208360516e-01 5.457721144584523065e-01 5.797775609920673423e-01
6.970000000000000639e+00 5.066868549486668316e-01 5.396299234639840847e-01 5.655925603286366954e-01
6.990000000000000213e+00 5.188661722155304412e-01 5.296727338888623793e-01 5.554896750115694282e-01
7.009999999999999787e+00 4.994405381878411765e-01 5.260720564417878942e-01 5.483270584709706297e-01
7.030000000000000249e+00 4.897949962564483450e-01 5.131904063732892762e-01 5.386207078390840008e-01
7.050000000000000711e+00 4.948869252910386707e-01 5.091972530868279501e-01 5.240473452292470080e-01
7.070000000000000284e+00 4.973666131319851580e-01 4.988745512964571360e-01 5.144813257727506306e-01
7.089999999999999858e+00 4.952881316636355558e-01 4.899524614062161776e-01 5.082822414027247104e-01
7.110000000000000320e+00 4.957434231567900973e-01 4.792930293810704900e-01 4.975453887182885171e-01
7.130000000000000782e+00 4.931450265199401883e-01 4.752216776858796399e-01 4.887873551035815667e-01
7.150000000000000355e+00 4.916351297613171245e-01 4.687974806905000347e-01 4.819754801323297699e-01
7.169999999999999929e+00 4.846511033396606605e-01 4.610880664766464632e-01 4.759766731012118335e-01
7.189999999999999503e+00 4.791442473418250358e-01 4.530949564535061702e-01 4.669027647197809272e-01
7.209999999999999964e+00 4.812126310651245187e-01 4.523852164715588264e-01 4.570040726690126065e-01
7.230000000000000426e+00 4.790758736691400066e-01 4.381947650661949245e-01 4.477277695120930323e-01
7.250000000000000000e+00 4.807612925260538739e-01 4.327638232771167104e-01 4.413443234662607906e-01
7.269999999999999574e+00 4.480114567987236729e-01 4.302193351420035561e-01 4.360741436570821361e-01
7.290000000000000036e+00 4.717356228130503704e-01 4.188281820505662667e-01 4.293515097663017643e-01
7.310000000000000497e+00 4.565652817991795454e-01 4.162304118799359243e-01 4.180124672844397482e-01
7.330000000000000071e+00 4.464612885691104927e-01 4.080802995250195631e-01 4.123572916204011896e-01
7.349999999999999645e+00 4.665900955818783058e-01 4.040891729688531608e-01 4.078359183066834759e-01
7.370000000000000107e+00 4.521750318363329524e-01 3.934454304457061791e-01 3.969214171698211002e-01
7.390000000000000568e+00 4.374094553344242686e-01 3.910767505496726693e-01 3.896853618544552367e-01
7.410000000000000142e+00 4.481344678291315775e-01 3.867826327946490839e-01 3.848560219924944681e-01
7.429999999999999716e+00 4.343596514163293176e-01 3.787990737898665472e-01 3.797211555560003893e-01
7.450000000000000178e+00 4.428437046695961055e-01 3.758950556147388489e-01 3.733860882099199752e-01
7.470000000000000639e+00 4.223872205538828362e-01 3.705500157551858686e-01 3.631157271573617895e-01
7.490000000000000213e+00 4.149476484592858894e-01 3.628620185685292321e-01 3.586865187149746448e-01
7.509999999999999787e+00 4.167711541363711136e-01 3.616152303317369809e-01 3.535810580864316988e-01
7.530000000000000249e+00 4.177676005756691957e-01 3.581626733144327446e-01 3.449330801960124315e-01
7.550000000000000711e+00 4.118881681019160301e-01 3.551858723760472070e-01 3.429717563870161579e-01
7.570000000000000284e+00 3.955920022101528377e-01 3.460097345970988836e-01 3.362911853879426705e-01
7.589999999999999858e+00 4.126093033488877349e-01 3.434622969589246622e-01 3.290211746693531003e-01
7.610000000000000320e+00 3.886179671305465266e-01 3.387502348079732273e-01 3.236625432774872801e-01
7.630000000000000782e+00 3.836156123914374327e-01 3.368064489793549665e-01 3.181648697312157714e-01
7.650000000000000355e+00 3.673174751484715173e-01 3.268441130051802368e-01 3.158207465073240572e-01
7.669999999999999929e+00 3.606126859948517449e-01 3.247674536467211603e-01 3.063186245179284617e-01
7.689999999999999503e+00 3.533575180635107338e-01 3.257989136278056641e-01 3.015745251471134147e-01
7.709999999999999964e+00 3.538212146069378838e-01 3.167198459586986203e-01 2.953912275751233718e-01
7.730000000000000426e+00 3.494056227405947235e-01 3.128901148122578135e-01 2.909579605653211942e-01
7.750000000000000000e+00 3.359470965987868540e-01 3.087839845306405984e-01 2.854393395549525980e-01
7.769999999999999574e+00 3.364791260059686873e-01 3.075429472500488259e-01 2.808375839288335674e-01
7.790000000000000036e+00 3.254632095417061000e-01 2.982722062612288561e-01 2.736914878233508985e-01
7.810000000000000497e+00 3.269290876283733049e-01 2.942372270735375550e-01 2.705539485407234546e-01
7.830000000000000071e+00 3.001953659236575311e-01 2.888745411140520303e-01 2.668022401434995139e-01
7.849999999999999645e+00 3.001432881618912862e-01 2.876188724378301864e-01 2.605548464798171926e-01
7.870000000000000107e+00 2.965643251382264478e-01 2.789586857945183240e-01 2.591516037824499463e-01
7.890000000000000568e+00 2.941863128638800839e-01 2.798280232798234790e-01 2.556466614026797202e-01
7.910000000000000142e+00 2.980778450831966797e-01 2.654795547246028842e-01 2.491229616434436078e-01
7.929999999999999716e+00 2.896353592877378147e-01 2.660857668805977627e-01 2.466855123138997075e-01
7.950000000000000178e+00 2.768138509998571140e-01 2.608809136869547629e-01 2.407487383325003505e-01
7.970000000000000639e+00 2.648329959731751115e-01 2.565049600588415468e-01 2.383102447697325044e-01
7.990000000000000213e+00 2.465588060738725662e-01 2.479264258234073759e-01 2.309908118444666536e-01
