r_A g_Fe_Fe g_Fe_B g_B_B
1.000000000000000021e-02 0.000000000000000000e+00 0.000000000000000000e+00 0.000000000000000000e+00
2.999999999999999889e-02 0.000000000000000000e+00 0.000000000000000000e+00 0.000000000000000000e+00
5.000000000000000278e-02 0.000000000000000000e+00 0.000000000000000000e+00 0.000000000000000000e+00
7.000000000000000666e-02 0.000000000000000000e+00 0.000000000000000000e+00 0.000000000000000000e+00
8.999999999999999667e-02 0.000000000000000000e+00 0.000000000000000000e+00 0.000000000000000000e+00
1.100000000000000006e-01 0.000000000000000000e+00 0.000000000000000000e+00 0.000000000000000000e+00
1.300000000000000044e-01 0.000000000000000000e+00 0.000000000000000000e+00 0.000000000000000000e+00
1.500000000000000222e-01 0.000000000000000000e+00 0.000000000000000000e+00 0.000000000000000000e+00
1.699999999999999845e-01 0.000000000000000000e+00 0.000000000000000000e+00 0.000000000000000000e+00
1.900000000000000022e-01 0.000000000000000000e+00 0.000000000000000000e+00 0.000000000000000000e+00
2.100000000000000200e-01 0.000000000000000000e+00 0.000000000000000000e+00 0.000000000000000000e+00
2.299999999999999822e-01 0.000000000000000000e+00 0.000000000000000000e+00 0.000000000000000000e+00
2.500000000000000000e-01 0.000000000000000000e+00 0.000000000000000000e+00 0.000000000000000000e+00
2.700000000000000178e-01 0.000000000000000000e+00 0.000000000000000000e+00 0.000000000000000000e+00
2.900000000000000355e-01 0.000000000000000000e+00 0.000000000000000000e+00 0.000000000000000000e+00
3.099999999999999978e-01 0.000000000000000000e+00 0.000000000000000000e+00 0.000000000000000000e+00
3.300000000000000155e-01 0.000000000000000000e+00 0.000000000000000000e+00 0.000000000000000000e+00
3.499999999999999778e-01 0.000000000000000000e+00 0.000000000000000000e+00 0.000000000000000000e+00
3.699999999999999956e-01 0.000000000000000000e+00 0.000000000000000000e+00 0.000000000000000000e+00
3.900000000000000133e-01 0.000000000000000000e+00 0.000000000000000000e+00 0.000000000000000000e+00
4.100000000000000311e-01 0.000000000000000000e+00 0.000000000000000000e+00 0.000000000000000000e+00
4.299999999999999933e-01 0.000000000000000000e+00 0.000000000000000000e+00 0.000000000000000000e+00
4.500000000000000111e-01 0.000000000000000000e+00 0.000000000000000000e+00 0.000000000000000000e+00
4.699999999999999734e-01 0.000000000000000000e+00 0.000000000000000000e+00 0.000000000000000000e+00
4.899999999999999911e-01 0.000000000000000000e+00 0.000000000000000000e+00 0.000000000000000000e+00
5.100000000000000089e-01 0.000000000000000000e+00 0.000000000000000000e+00 0.000000000000000000e+00
5.300000000000000266e-01 0.000000000000000000e+00 0.000000000000000000e+00 0.000000000000000000e+00
5.500000000000000444e-01 0.000000000000000000e+00 0.000000000000000000e+00 0.000000000000000000e+00
5.700000000000000622e-01 0.000000000000000000e+00 0.000000000000000000e+00 0.000000000000000000e+00
5.899999999999999689e-01 0.000000000000000000e+00 0.000000000000000000e+00 0.000000000000000000e+00
6.099999999999999867e-01 0.000000000000000000e+00 0.000000000000000000e+00 0.000000000000000000e+00
6.300000000000000044e-01 0.000000000000000000e+00 0.000000000000000000e+00 0.000000000000000000e+00
6.500000000000000222e-01 0.000000000000000000e+00 0.000000000000000000e+00 0.000000000000000000e+00
6.700000000000000400e-01 0.000000000000000000e+00 0.000000000000000000e+00 0.000000000000000000e+00
6.900000000000000577e-01 0.000000000000000000e+00 0.000000000000000000e+00 0.000000000000000000e+00
7.099999999999999645e-01 0.000000000000000000e+00 0.000000000000000000e+00 0.000000000000000000e+00
7.299999999999999822e-01 0.000000000000000000e+00 0.000000000000000000e+00 0.000000000000000000e+00
7.500000000000000000e-01 0.000000000000000000e+00 0.000000000000000000e+00 0.000000000000000000e+00
7.700000000000000178e-01 0.000000000000000000e+00 0.000000000000000000e+00 0.000000000000000000e+00
7.900000000000000355e-01 0.000000000000000000e+00 0.000000000000000000e+00 0.000000000000000000e+00
8.100000000000000533e-01 0.000000000000000000e+00 0.000000000000000000e+00 0.000000000000000000e+00
8.300000000000000711e-01 0.000000000000000000e+00 0.000000000000000000e+00 0.000000000000000000e+00
8.499999999999999778e-01 0.000000000000000000e+00 0.000000000000000000e+00 0.000000000000000000e+00
8.699999999999999956e-01 0.000000000000000000e+00 0.000000000000000000e+00 0.000000000000000000e+00
8.900000000000000133e-01 0.000000000000000000e+00 0.000000000000000000e+00 0.000000000000000000e+00
9.100000000000000311e-01 0.000000000000000000e+00 0.000000000000000000e+00 0.000000000000000000e+00
9.300000000000000488e-01 0.000000000000000000e+00 0.000000000000000000e+00 0.000000000000000000e+00
9.499999999999999556e-01 0.000000000000000000e+00 0.000000000000000000e+00 0.000000000000000000e+00
9.699999999999999734e-01 0.000000000000000000e+00 0.000000000000000000e+00 0.000000000000000000e+00
9.899999999999999911e-01 0.000000000000000000e+00 0.000000000000000000e+00 0.000000000000000000e+00
1.010000000000000009e+00 0.000000000000000000e+00 0.000000000000000000e+00 0.000000000000000000e+00
1.030000000000000027e+00 0.000000000000000000e+00 0.000000000000000000e+00 0.000000000000000000e+00
1.050000000000000044e+00 0.000000000000000000e+00 0.000000000000000000e+00 0.000000000000000000e+00
1.070000000000000062e+00 0.000000000000000000e+00 0.000000000000000000e+00 0.000000000000000000e+00
1.090000000000000080e+00 0.000000000000000000e+00 0.000000000000000000e+00 0.000000000000000000e+00
1.110000000000000098e+00 0.000000000000000000e+00 0.000000000000000000e+00 0.000000000000000000e+00
1.130000000000000115e+00 0.000000000000000000e+00 0.000000000000000000e+00 0.000000000000000000e+00
1.149999999999999911e+00 0.000000000000000000e+00 0.000000000000000000e+00 0.000000000000000000e+00
1.169999999999999929e+00 0.000000000000000000e+00 0.000000000000000000e+00 0.000000000000000000e+00
1.189999999999999947e+00 0.000000000000000000e+00 0.000000000000000000e+00 0.000000000000000000e+00
1.209999999999999964e+00 0.000000000000000000e+00 0.000000000000000000e+00 0.000000000000000000e+00
1.229999999999999982e+00 0.000000000000000000e+00 0.000000000000000000e+00 0.000000000000000000e+00
1.250000000000000000e+00 0.000000000000000000e+00 0.000000000000000000e+00 0.000000000000000000e+00
1.270000000000000018e+00 0.000000000000000000e+00 0.000000000000000000e+00 0.000000000000000000e+00
1.290000000000000036e+00 0.000000000000000000e+00 0.000000000000000000e+00 0.000000000000000000e+00
1.310000000000000053e+00 0.000000000000000000e+00 0.000000000000000000e+00 0.000000000000000000e+00
1.330000000000000071e+00 0.000000000000000000e+00 0.000000000000000000e+00 0.000000000000000000e+00
1.350000000000000089e+00 0.000000000000000000e+00 0.000000000000000000e+00 0.000000000000000000e+00
1.370000000000000107e+00 0.000000000000000000e+00 0.000000000000000000e+00 0.000000000000000000e+00
1.390000000000000124e+00 0.000000000000000000e+00 0.000000000000000000e+00 0.000000000000000000e+00
1.410000000000000142e+00 0.000000000000000000e+00 0.000000000000000000e+00 0.000000000000000000e+00
1.429999999999999938e+00 0.000000000000000000e+00 0.000000000000000000e+00 1.874302423972468851e-02
1.449999999999999956e+00 0.000000000000000000e+00 0.000000000000000000e+00 1.822954929067527666e-02
1.469999999999999973e+00 0.000000000000000000e+00 0.000000000000000000e+00 1.152897795995726365e-01
1.489999999999999991e+00 0.000000000000000000e+00 0.000000000000000000e+00 7.768770238670091866e-02
1.510000000000000009e+00 0.000000000000000000e+00 0.000000000000000000e+00 1.849061101930430662e-01
1.530000000000000027e+00 0.000000000000000000e+00 0.000000000000000000e+00 2.865284985123607853e-01
1.550000000000000044e+00 0.000000000000000000e+00 0.000000000000000000e+00 4.626444930448460613e-01
1.570000000000000062e+00 0.000000000000000000e+00 4.199297912030867551e-04 6.686242115475882208e-01
1.590000000000000080e+00 0.000000000000000000e+00 0.000000000000000000e+00 9.627035459920736393e-01
1.610000000000000098e+00 0.000000000000000000e+00 1.197969556602772453e-03 8.723956588197560036e-01
1.630000000000000115e+00 0.000000000000000000e+00 3.506256759659912795e-03 1.182910851944694031e+00
1.650000000000000133e+00 0.000000000000000000e+00 8.744530444651702969e-03 1.527479370192724728e+00
1.669999999999999929e+00 0.000000000000000000e+00 1.818610988423806016e-02 1.477369579633847074e+00
1.689999999999999947e+00 0.000000000000000000e+00 3.080507792575391118e-02 1.536546932288559431e+00
1.709999999999999964e+00 0.000000000000000000e+00 4.566404744180927594e-02 1.677766888599525608e+00
1.729999999999999982e+00 0.000000000000000000e+00 9.752903542085589184e-02 1.837696037632127632e+00
1.750000000000000000e+00 0.000000000000000000e+00 1.517565275126120661e-01 1.933599301107562729e+00
1.770000000000000018e+00 0.000000000000000000e+00 2.226848168566520625e-01 1.877915503441919265e+00
1.790000000000000036e+00 0.000000000000000000e+00 3.530949007789438432e-01 1.758431988947805058e+00
1.810000000000000053e+00 0.000000000000000000e+00 4.849854115301049373e-01 1.596944797418738515e+00
1.830000000000000071e+00 0.000000000000000000e+00 6.500019122940660088e-01 1.499282992481995258e+00
1.850000000000000089e+00 0.000000000000000000e+00 8.664805202060159584e-01 1.377451276639246158e+00
1.870000000000000107e+00 0.000000000000000000e+00 1.078926955890725736e+00 1.282381753287260118e+00
1.890000000000000124e+00 3.229640490828060906e-04 1.304257118693647355e+00 1.158817154215330936e+00
1.910000000000000142e+00 1.138449158302670379e-03 1.578127710315480492e+00 9.087914359542135223e-01
1.929999999999999938e+00 1.796351543332112225e-03 1.851262431073834813e+00 8.437507444142847701e-01
1.949999999999999956e+00 3.883459516073921574e-03 2.097128817734855932e+00 8.164522873851601803e-01
1.969999999999999973e+00 6.302045301347513825e-03 2.359351330403246294e+00 6.765084257868898554e-01
1.989999999999999991e+00 1.305118806727692017e-02 2.528327004120200172e+00 7.162105802695104551e-01
2.009999999999999787e+00 2.438619346716857164e-02 2.736516561689215532e+00 6.119033595696625749e-01
2.030000000000000249e+00 4.244098500627645210e-02 2.934795357422804951e+00 5.115474472467783640e-01
2.049999999999999822e+00 6.593920071456603471e-02 3.051208557220945750e+00 4.423330528914613535e-01
2.070000000000000284e+00 9.789525622964850848e-02 3.142546467563199553e+00 4.427717975184534693e-01
2.089999999999999858e+00 1.429895196978848981e-01 3.159704206047418751e+00 4.080147727040261962e-01
2.110000000000000320e+00 2.075612111353650757e-01 3.215638968379382234e+00 4.175345300855299868e-01
2.129999999999999893e+00 2.819503654585540087e-01 3.199111882466860290e+00 2.999057389174877297e-01
2.150000000000000355e+00 3.777074232977165047e-01 3.166069957153265335e+00 3.358101298557399361e-01
2.169999999999999929e+00 4.856314139598816304e-01 3.128861096335868286e+00 2.686026041632557648e-01
2.190000000000000391e+00 6.206460062419610901e-01 3.002048786942331571e+00 2.357488532861851671e-01
2.209999999999999964e+00 7.600696272518336905e-01 2.956436531820111124e+00 2.471962416283139674e-01
2.230000000000000426e+00 9.110246045972724138e-01 2.837453833423883687e+00 2.119526631103862135e-01
2.250000000000000000e+00 1.089422532808758115e+00 2.681732011046523922e+00 2.384852255020334100e-01
2.270000000000000462e+00 1.271763151016326088e+00 2.489853939746858202e+00 2.491776606881800360e-01
2.290000000000000036e+00 1.423176274041167089e+00 2.381022319514019880e+00 2.119547207082222717e-01
2.310000000000000053e+00 1.617130823557262120e+00 2.267810969396523824e+00 1.616123950477231508e-01
2.330000000000000071e+00 1.757366487274991229e+00 2.129710285585404872e+00 1.870898325825430253e-01
2.349999999999999645e+00 1.912334644775771642e+00 1.989777097527631433e+00 1.804487271996202957e-01
2.370000000000000107e+00 2.064308315323361231e+00 1.894417553438572099e+00 2.217700593408354903e-01
2.389999999999999680e+00 2.186227550593967450e+00 1.742520845744169877e+00 1.174244496716116831e-01
2.410000000000000142e+00 2.301249964474123111e+00 1.589681574935042141e+00 1.847737507727183759e-01
2.429999999999999716e+00 2.407047172356913123e+00 1.495081885072522043e+00 1.687629740529076050e-01
2.450000000000000178e+00 2.468312928098195247e+00 1.413175961250057622e+00 1.564409069000674002e-01
2.469999999999999751e+00 2.525282349840262786e+00 1.293166748363800300e+00 1.413530096423452898e-01
2.490000000000000213e+00 2.574714218788822784e+00 1.251608043883700505e+00 1.638187719245484120e-01
2.509999999999999787e+00 2.589001880921016685e+00 1.121990644838314122e+00 2.098882735895672702e-01
2.530000000000000249e+00 2.598696778184701461e+00 1.044650647672538124e+00 1.886192748367261085e-01
2.549999999999999822e+00 2.589957362041319655e+00 9.840751779393399623e-01 2.387213474126723411e-01
2.570000000000000284e+00 2.554554765145521156e+00 9.062888098791824776e-01 2.292173452006384393e-01
2.589999999999999858e+00 2.512124651824549915e+00 8.636454404343086866e-01 2.314046906634475709e-01
2.610000000000000320e+00 2.471028799094811212e+00 7.939351296921361989e-01 2.644438912908136929e-01
2.629999999999999893e+00 2.420947059636405996e+00 7.528745061088019108e-01 2.438135890981543152e-01
2.650000000000000355e+00 2.352211979351171767e+00 6.995452119684146819e-01 2.510630748101201348e-01
2.669999999999999929e+00 2.295355129894873336e+00 6.552735588591336313e-01 2.849509683828696516e-01
2.690000000000000391e+00 2.210810576019114126e+00 6.288296152949939266e-01 2.568940224813607842e-01
2.709999999999999964e+00 2.150903207407552475e+00 6.021054453891216962e-01 3.000862613054931516e-01
2.730000000000000426e+00 2.053840034519216040e+00 5.649832488198611724e-01 3.471325650144783670e-01
2.750000000000000000e+00 1.994601943698412150e+00 5.433817757433420104e-01 3.851812262224996175e-01
2.770000000000000462e+00 1.896047791916898761e+00 5.046707649215996794e-01 4.121082841518107776e-01
2.790000000000000036e+00 1.819697527671091386e+00 4.922752619686965869e-01 4.185308548157106734e-01
2.810000000000000053e+00 1.736028765923105288e+00 4.654982610805150078e-01 4.562808074817756299e-01
2.830000000000000071e+00 1.666721523546598638e+00 4.542893070346425421e-01 5.072826485933026319e-01
2.849999999999999645e+00 1.585262660890616182e+00 4.358293440618262737e-01 5.615317022438693906e-01
2.870000000000000107e+00 1.514560381157498581e+00 4.345515484533286066e-01 5.188336524638501590e-01
2.889999999999999680e+00 1.449551869162328810e+00 4.128184299173849325e-01 5.208555111474688637e-01
2.910000000000000142e+00 1.374437696359827044e+00 4.259876012682958790e-01 5.793501225595003579e-01
2.929999999999999716e+00 1.318675273019674465e+00 4.033119209957666818e-01 6.786181673354513277e-01
2.950000000000000178e+00 1.240882199892217042e+00 3.941746334953126207e-01 6.914691010135205484e-01
2.969999999999999751e+00 1.186428634631263135e+00 4.036693418973328895e-01 7.408472353851326409e-01
2.990000000000000213e+00 1.115972588738081583e+00 3.818462406348285820e-01 7.502618675905652346e-01
3.009999999999999787e+00 1.069918275213385783e+00 3.904984669365060834e-01 8.926201519233404325e-01
3.030000000000000249e+00 1.013744706027950526e+00 4.066690979021300167e-01 8.558267331826057145e-01
3.049999999999999822e+00 9.543342690435520081e-01 4.069167707254751076e-01 8.961420315801157388e-01
3.070000000000000284e+00 9.072505646092403619e-01 4.153604118577977067e-01 9.373708930532314021e-01
3.089999999999999858e+00 8.778552218528803408e-01 4.191073126361815060e-01 9.955246703109129625e-01
3.110000000000000320e+00 8.287420537518902508e-01 4.243290653304617188e-01 1.115513795208935344e+00
3.129999999999999893e+00 7.900171779431959251e-01 4.340323957331246874e-01 1.036751189251525540e+00
3.150000000000000355e+00 7.606933944892286803e-01 4.495063087830661885e-01 1.066118148900756291e+00
3.169999999999999929e+00 7.226074185318767107e-01 4.670285331056091560e-01 1.087035471598006620e+00
3.190000000000000391e+00 6.950048993706520184e-01 4.805172291252114980e-01 1.154427094605256165e+00
3.209999999999999964e+00 6.629713666816064999e-01 4.846940760486048161e-01 1.136366875746987359e+00
3.230000000000000426e+00 6.373371628296431446e-01 5.077801425198963381e-01 1.192139532724991957e+00
3.250000000000000000e+00 6.109055895096987543e-01 5.227171902516788426e-01 1.313588383100089851e+00
3.270000000000000462e+00 5.919544398734858381e-01 5.467385450607726849e-01 1.270685872290374219e+00
3.290000000000000036e+00 5.691755441064686449e-01 5.702345665116148599e-01 1.239349317791468730e+00
3.310000000000000497e+00 5.499770399408506760e-01 5.869835204205001711e-01 1.227915915960560378e+00
3.330000000000000071e+00 5.278264802754651930e-01 6.046903459270694947e-01 1.270241776377824428e+00
3.349999999999999645e+00 5.199186744955085482e-01 6.285745888694829198e-01 1.308057065414391928e+00
3.370000000000000107e+00 5.021447749983352082e-01 6.631526017069382384e-01 1.390448668760794426e+00
3.389999999999999680e+00 4.954140775180028711e-01 6.774181000085368609e-01 1.309054795571797714e+00
3.410000000000000142e+00 4.835677888703972527e-01 7.181873486047618549e-01 1.404165884323585800e+00
3.429999999999999716e+00 4.765132937376278521e-01 7.341193792282345587e-01 1.365033700130233063e+00
3.450000000000000178e+00 4.730787578899891543e-01 7.682451945182342534e-01 1.342812791370607162e+00
3.469999999999999751e+00 4.627930241091939845e-01 7.782412246934520272e-01 1.309870944419110117e+00
3.490000000000000213e+00 4.610464498933415922e-01 8.333390060537928523e-01 1.474267778735227186e+00
3.509999999999999787e+00 4.565002864148168804e-01 8.452096300117234451e-01 1.357962137279612458e+00
3.530000000000000249e+00 4.655814123527359238e-01 8.565923581893827299e-01 1.336466352667461166e+00
3.549999999999999822e+00 4.599474277442471282e-01 8.890205350129738449e-01 1.376193650493634069e+00
3.570000000000000284e+00 4.692372830959375962e-01 9.363450845211293005e-01 1.371343005018296646e+00
3.589999999999999858e+00 4.675504480084757275e-01 9.534890971256370085e-01 1.362053851565917295e+00
3.610000000000000320e+00 4.780177266910570766e-01 9.748035080396134644e-01 1.294064677222959148e+00
3.629999999999999893e+00 4.871759441853583117e-01 1.009966942601548512e+00 1.410737500286956214e+00
3.650000000000000355e+00 4.992919919692604958e-01 1.004911705224542651e+00 1.303257423837212103e+00
3.669999999999999929e+00 5.068158731424410313e-01 1.027418978647840930e+00 1.257789274498144705e+00
3.690000000000000391e+00 5.165709689709049313e-01 1.053713712700172334e+00 1.331453998567215358e+00
3.709999999999999964e+00 5.336136041195599367e-01 1.063289896877358087e+00 1.358907113455772198e+00
3.730000000000000426e+00 5.480894681176572414e-01 1.085620362762542923e+00 1.387073874208210933e+00
3.750000000000000000e+00 5.637857148491172143e-01 1.097110267043638787e+00 1.290551201481634935e+00
3.770000000000000462e+00 5.903366793898059406e-01 1.110917701532537993e+00 1.348357659055398727e+00
3.790000000000000036e+00 6.156868797248096215e-01 1.143469612729364204e+00 1.288802957508325742e+00
3.810000000000000497e+00 6.316360293214694499e-01 1.146470645805050648e+00 1.306992427446296956e+00
3.830000000000000071e+00 6.531807885933766933e-01 1.155838686553310790e+00 1.331264878415125752e+00
3.849999999999999645e+00 6.776228560489502284e-01 1.176333441263025970e+00 1.278682381663260204e+00
3.870000000000000107e+00 6.965191388535428851e-01 1.173951315897468373e+00 1.321801530067972852e+00
3.889999999999999680e+00 7.199780668719810706e-01 1.177164994915537166e+00 1.341172457585948941e+00
3.910000000000000142e+00 7.445517735695260653e-01 1.176189296204502188e+00 1.303670093908323446e+00
3.929999999999999716e+00 7.753267886997989855e-01 1.193267476710739405e+00 1.359919939182061333e+00
3.950000000000000178e+00 7.954450602188634090e-01 1.204035925490144932e+00 1.337585604263882511e+00
3.969999999999999751e+00 8.273729582506136326e-01 1.199947511526635591e+00 1.336301899542158056e+00
3.990000000000000213e+00 8.494771047514649842e-01 1.201797020558224904e+00 1.328957823184826692e+00
4.009999999999999787e+00 8.790352160688379435e-01 1.200460203397277992e+00 1.332419510496933412e+00
4.030000000000000249e+00 9.005075305090749493e-01 1.208013413146704407e+00 1.332207221921985596e+00
4.050000000000000711e+00 9.260856443626296342e-01 1.210310759121755453e+00 1.382173751008309859e+00
4.070000000000000284e+00 9.464246439292284263e-01 1.216066498180880417e+00 1.318876057662843326e+00
4.089999999999999858e+00 9.690397555214504965e-01 1.201479909169388183e+00 1.217796182952634254e+00
4.109999999999999432e+00 9.861852883698480898e-01 1.211078260299726761e+00 1.259294490803463118e+00
4.129999999999999893e+00 1.015412696042301555e+00 1.223286978068175657e+00 1.242633336268797573e+00
4.150000000000000355e+00 1.036811129974612777e+00 1.220299503616327774e+00 1.295223667668149004e+00
4.169999999999999929e+00 1.055935456353083834e+00 1.218741557704276168e+00 1.289441799898232821e+00
4.189999999999999503e+00 1.076212242520124152e+00 1.224173847571254248e+00 1.226948308084048200e+00
4.209999999999999964e+00 1.097866489291950520e+00 1.224367300160647876e+00 1.337499155726988853e+00
4.230000000000000426e+00 1.109121800711553751e+00 1.226064308494919874e+00 1.225274248316890802e+00
4.250000000000000000e+00 1.127053503256320477e+00 1.229910170418986093e+00 1.140561290671705752e+00
4.269999999999999574e+00 1.134958413915516440e+00 1.226590767853640518e+00 1.167740493142561009e+00
4.290000000000000036e+00 1.161121850942053557e+00 1.235203120324244619e+00 1.122515160580978888e+00
4.310000000000000497e+00 1.165909469305341339e+00 1.240148398763736504e+00 1.117279839629773841e+00
4.330000000000000071e+00 1.182065889748014964e+00 1.248427945952541585e+00 1.161156056880242593e+00
4.349999999999999645e+00 1.188597229566148439e+00 1.227675232544659822e+00 1.092775604475295426e+00
4.370000000000000107e+00 1.200493433222530104e+00 1.244703096731397007e+00 1.071757289591556805e+00
4.390000000000000568e+00 1.211405658874970870e+00 1.244881550800355452e+00 1.004339185394791834e+00
4.410000000000000142e+00 1.217076221240121603e+00 1.233668955212793295e+00 1.058315564850267787e+00
4.429999999999999716e+00 1.225075997420645768e+00 1.240804345666233655e+00 1.010697019646492834e+00
4.450000000000000178e+00 1.235376586399851595e+00 1.223664961316961675e+00 9.455024011105448434e-01
4.470000000000000639e+00 1.232014194853300104e+00 1.231596231714359835e+00 8.891044598611790306e-01
4.490000000000000213e+00 1.244262186062652820e+00 1.208274913274267170e+00 9.268299108324262736e-01
4.509999999999999787e+00 1.246636756473895380e+00 1.214172257607385896e+00 9.723323320499995814e-01
4.530000000000000249e+00 1.252519006858372697e+00 1.210738296019474580e+00 8.722452078924163299e-01
4.550000000000000711e+00 1.246335655286404220e+00 1.191268090105671584e+00 8.997701840265699413e-01
4.570000000000000284e+00 1.251193918836420949e+00 1.199449816144103176e+00 8.441965236294479702e-01
4.589999999999999858e+00 1.259249714786246255e+00 1.194915606491647297e+00 8.386749823398622627e-01
4.610000000000000320e+00 1.258596183703573734e+00 1.189294529654789212e+00 8.566627809174582886e-01
4.629999999999999893e+00 1.258229828453892196e+00 1.168515755420953761e+00 7.893813683586570207e-01
4.650000000000000355e+00 1.258025945497237341e+00 1.141682810215054689e+00 8.251481514157772423e-01
4.669999999999999929e+00 1.258403601175491549e+00 1.142841192424307595e+00 7.829465314620774885e-01
4.689999999999999503e+00 1.266029946264315420e+00 1.126479733966659014e+00 8.050344266402542637e-01
4.709999999999999964e+00 1.258462805725335087e+00 1.095516676130585232e+00 7.697045654952024973e-01
4.730000000000000426e+00 1.259135765920221139e+00 1.085670410940758002e+00 7.340856233702213185e-01
4.750000000000000000e+00 1.254721391880967429e+00 1.072831155712932416e+00 7.729339025636732252e-01
4.769999999999999574e+00 1.253906206449237670e+00 1.060532553569254022e+00 8.018412223829024521e-01
4.790000000000000036e+00 1.250104293075135820e+00 1.039062946490002526e+00 7.634197010910631631e-01
4.810000000000000497e+00 1.248236919146282098e+00 1.025473983133978972e+00 7.670241420925029141e-01
4.830000000000000071e+00 1.239918845569087269e+00 1.004886098222848911e+00 7.804005173159205277e-01
4.849999999999999645e+00 1.233529537488317063e+00 9.967034867664543718e-01 7.682745120623868385e-01
4.870000000000000107e+00 1.228273300944412449e+00 9.782775207031455533e-01 7.910664834312615135e-01
4.890000000000000568e+00 1.224180924173914775e+00 9.540154874753513647e-01 7.365224906204227429e-01
4.910000000000000142e+00 1.218439440897487680e+00 9.505528742406323950e-01 7.853842454593207290e-01
4.929999999999999716e+00 1.210253903484090232e+00 9.277373856422812537e-01 7.932176549650804542e-01
4.950000000000000178e+00 1.197960739836840371e+00 9.154397924725344859e-01 8.055918453264796497e-01
4.970000000000000639e+00 1.185433532028917325e+00 9.001249034227170043e-01 7.595531228147709424e-01
4.990000000000000213e+00 1.180323846511628583e+00 8.970809443504361713e-01 8.404459546107216905e-01
5.009999999999999787e+00 1.171755447264298589e+00 8.797881864855287004e-01 7.711416682840920300e-01
5.030000000000000249e+00 1.159719972979240676e+00 8.554183931178098721e-01 7.922896226538077569e-01
5.050000000000000711e+00 1.150452751606219515e+00 8.557185541804837037e-01 8.235994646023727661e-01
5.070000000000000284e+00 1.144212660712915275e+00 8.375041271211614013e-01 8.588648371126889058e-01
5.089999999999999858e+00 1.122538737955032895e+00 8.295371578734891393e-01 8.513889819467687081e-01
5.110000000000000320e+00 1.114679085714784135e+00 8.276547340003177489e-01 8.711585224790840964e-01
5.129999999999999893e+00 1.099446482424822458e+00 8.214891981117881103e-01 8.803996189588587651e-01
5.150000000000000355e+00 1.086208527727377415e+00 8.016957565165139243e-01 8.909162862492052692e-01
5.169999999999999929e+00 1.068964043977593148e+00 7.993389393439529478e-01 8.947913619954904751e-01
5.189999999999999503e+00 1.054890726350456776e+00 7.976478446857329097e-01 9.305962887426788566e-01
5.209999999999999964e+00 1.046195288353875430e+00 7.823073403469280596e-01 9.206412647671479155e-01
5.230000000000000426e+00 1.028499908014399944e+00 7.811415345849949121e-01 1.010299594697045444e+00
5.250000000000000000e+00 1.015421479794610837e+00 7.868056839910957390e-01 9.602036928826090945e-01
5.269999999999999574e+00 1.006083970004511219e+00 7.885599662659202869e-01 9.908810288435240254e-01
5.290000000000000036e+00 9.906250208773654808e-01 7.785398328948438529e-01 1.014904475434249997e+00
5.310000000000000497e+00 9.775303511544018997e-01 7.821575304258602257e-01 9.794071058061368795e-01
5.330000000000000071e+00 9.659928017557760649e-01 7.830028660181574951e-01 9.848877903110522247e-01
5.349999999999999645e+00 9.485783589454456211e-01 7.881172129884849165e-01 1.045162113941982440e+00
5.370000000000000107e+00 9.351486957935247757e-01 7.965079092500437774e-01 1.020112646845854343e+00
5.390000000000000568e+00 9.209547045063520843e-01 7.978049390886139403e-01 1.058731497026643709e+00
5.410000000000000142e+00 9.128493675895363868e-01 8.082915983804926929e-01 9.991905872117441412e-01
5.429999999999999716e+00 8.978265970468238821e-01 8.146705210418715426e-01 1.075038902609556590e+00
5.450000000000000178e+00 8.879865137639209038e-01 8.072734630383572307e-01 1.044581144405169582e+00
5.470000000000000639e+00 8.800551344776219587e-01 8.240749569860353896e-01 1.099084219530004125e+00
5.490000000000000213e+00 8.703859151894122181e-01 8.250189725613646941e-01 1.079645905513359150e+00
5.509999999999999787e+00 8.602028470270024485e-01 8.403152678540757314e-01 1.066141381262033949e+00
5.530000000000000249e+00 8.498648905702583800e-01 8.442670005818173617e-01 1.136777246072946834e+00
5.550000000000000711e+00 8.382750416374957769e-01 8.522733838834484210e-01 1.121133102692632333e+00
5.570000000000000284e+00 8.339392647067387365e-01 8.586418553596464331e-01 1.172395590916838648e+00
5.589999999999999858e+00 8.232568638443292786e-01 8.710919316272630608e-01 1.081840727588739171e+00
5.610000000000000320e+00 8.207771748068355411e-01 8.930124348771126819e-01 1.096062067556890396e+00
5.629999999999999893e+00 8.127285932705787808e-01 8.922632369540453023e-01 1.117914244809931734e+00
5.650000000000000355e+00 8.065512759403391518e-01 9.132272254724648208e-01 1.092604196474938894e+00
5.669999999999999929e+00 8.041369134060131207e-01 9.210271448362880031e-01 1.129617655410125376e+00
5.689999999999999503e+00 8.026772278872162936e-01 9.340981339093831215e-01 1.154246208917406813e+00
5.709999999999999964e+00 7.993994795023270372e-01 9.435032387840679435e-01 1.099152042828764664e+00
5.730000000000000426e+00 7.920227011433647046e-01 9.566322300955023561e-01 1.158616346773420958e+00
5.750000000000000000e+00 7.964114104780325443e-01 9.596003213050053882e-01 1.142455577933438660e+00
5.769999999999999574e+00 7.941849556604744231e-01 9.759044149771516352e-01 1.129944373194334384e+00
5.790000000000000036e+00 8.004496026926645191e-01 9.870514051707691694e-01 1.132441409445923863e+00
5.810000000000000497e+00 7.959257040024597663e-01 1.000720478652032064e+00 1.090027263209710107e+00
5.830000000000000071e+00 8.034062862683464257e-01 1.020087148781181341e+00 1.131614913616368012e+00
5.849999999999999645e+00 8.028778004472174601e-01 1.021078853951902454e+00 1.117730770911649962e+00
5.870000000000000107e+00 8.101658322298985748e-01 1.022874513117944417e+00 1.127924819942832668e+00
5.890000000000000568e+00 8.172301147728664450e-01 1.051982536666862922e+00 1.076085479254741628e+00
5.910000000000000142e+00 8.176470759308670511e-01 1.050831230030220498e+00 1.113805830662338403e+00
5.929999999999999716e+00 8.252115309788283781e-01 1.054587232448694678e+00 1.154263553342024684e+00
5.950000000000000178e+00 8.308310884066283375e-01 1.071893976679672678e+00 1.110789693379932164e+00
5.970000000000000639e+00 8.391471755382976516e-01 1.080987899089743687e+00 1.074861608125746937e+00
5.990000000000000213e+00 8.491794662723931575e-01 1.079002973430190027e+00 1.089594605816984085e+00
6.009999999999999787e+00 8.588234976404417464e-01 1.082092793333789604e+00 1.089782726380844391e+00
6.030000000000000249e+00 8.668171891475880964e-01 1.091494632261047038e+00 1.087309120381038774e+00
6.050000000000000711e+00 8.791811744267723494e-01 1.104425030761355009e+00 1.069137144542659623e+00
6.070000000000000284e+00 8.854144677501563088e-01 1.097917624331670616e+00 1.022053441689973807e+00
6.089999999999999858e+00 8.993982523007300056e-01 1.099007213246185888e+00 9.946827436663608912e-01
6.110000000000000320e+00 9.108131081217731850e-01 1.109347494810061230e+00 1.051835865982823304e+00
6.130000000000000782e+00 9.216732491139376648e-01 1.108759117307403619e+00 1.046003533072236813e+00
6.150000000000000355e+00 9.289690388090977580e-01 1.122030115404885953e+00 1.050865085670122934e+00
6.169999999999999929e+00 9.434302245720849189e-01 1.111858466947462709e+00 1.099438019238826891e+00
6.189999999999999503e+00 9.525668439603295345e-01 1.118759871439568787e+00 1.076339841997850266e+00
6.209999999999999964e+00 9.697871970918562345e-01 1.116074582876215304e+00 1.068424183341390332e+00
6.230000000000000426e+00 9.805013510903456408e-01 1.118734445062122385e+00 1.062069089868274974e+00
6.250000000000000000e+00 9.892453381160568604e-01 1.110738054226416693e+00 1.035658689479434624e+00
6.269999999999999574e+00 1.003286962888868539e+00 1.125148373635905585e+00 1.017362732009876369e+00
6.290000000000000036e+00 1.015573161341019937e+00 1.114655791066795576e+00 1.050138175104373683e+00
6.310000000000000497e+00 1.022827478066958395e+00 1.122003354200509007e+00 1.021832560920620470e+00
6.330000000000000071e+00 1.033258044721002911e+00 1.107742930831972616e+00 1.023516427217722624e+00
6.349999999999999645e+00 1.040389899578725519e+00 1.109272947345765647e+00 1.020406132973962210e+00
6.370000000000000107e+00 1.056089306446217124e+00 1.101323408778798640e+00 1.014008623381647656e+00
6.390000000000000568e+00 1.059784523418375590e+00 1.106456110563565964e+00 1.000161664263557570e+00
6.410000000000000142e+00 1.074054675700299999e+00 1.107397087991846885e+00 9.999935413102954973e-01
6.429999999999999716e+00 1.080844225371532685e+00 1.098941618911746021e+00 9.678254177901475241e-01
6.450000000000000178e+00 1.081700030879438001e+00 1.084871892753051403e+00 9.963812986708677766e-01
6.470000000000000639e+00 1.087782987002702262e+00 1.092739428241245925e+00 9.449081854302497918e-01
6.490000000000000213e+00 1.087410572100909523e+00 1.078937322015285805e+00 9.322685776632390064e-01
6.509999999999999787e+00 1.095722333925688297e+00 1.071389977580828434e+00 9.695077557840270366e-01
6.530000000000000249e+00 1.093825741337820068e+00 1.064715780310631521e+00 9.842518463551566121e-01
6.550000000000000711e+00 1.094927447900455819e+00 1.059019814032564843e+00 9.590426744896424216e-01
6.570000000000000284e+00 1.099261530975082612e+00 1.054740231502583336e+00 9.638680270745761947e-01
6.589999999999999858e+00 1.099240623476038570e+00 1.043914621565243950e+00 9.752364760629351759e-01
6.610000000000000320e+00 1.093607359838630222e+00 1.038104505121327126e+00 9.465357364806422646e-01
6.630000000000000782e+00 1.095879856424598842e+00 1.025587107994785807e+00 9.495532283134763274e-01
6.650000000000000355e+00 1.098298322185557785e+00 1.020293488261688974e+00 9.633512607838732311e-01
6.669999999999999929e+00 1.089377485707361926e+00 1.008344089177902303e+00 9.485367171578156231e-01
6.689999999999999503e+00 1.084389435721372363e+00 9.987856298877686445e-01 9.355946025137049649e-01
6.709999999999999964e+00 1.083587274263373645e+00 1.002496240034433939e+00 9.083179120824093067e-01
6.730000000000000426e+00 1.080080615330796023e+00 9.892336269530119797e-01 8.809253394584052321e-01
6.750000000000000000e+00 1.075786170089177984e+00 9.791318864673109745e-01 9.308128623199065643e-01
6.769999999999999574e+00 1.067007828066132591e+00 9.751620478890318244e-01 8.642743989540759841e-01
6.790000000000000036e+00 1.062828269554355831e+00 9.699421976420899982e-01 8.974321113781797976e-01
6.810000000000000497e+00 1.058440518510393336e+00 9.572896734908672434e-01 8.987803123059162624e-01
6.830000000000000071e+00 1.058210975256366648e+00 9.525790692042580554e-01 8.750375924118873883e-01
6.849999999999999645e+00 1.049006666584835878e+00 9.513263376089678980e-01 8.658511433896133314e-01
6.870000000000000107e+00 1.040346101500266851e+00 9.476376310811821524e-01 8.823375678188312143e-01
6.890000000000000568e+00 1.033867968637611101e+00 9.361042904872307613e-01 8.449272267328890029e-01
6.910000000000000142e+00 1.028534568096054702e+00 9.255555381530978787e-01 8.448595695463526623e-01
6.929999999999999716e+00 1.024691569394357682e+00 9.232815168082656454e-01 8.643318306160857611e-01
6.950000000000000178e+00 1.020077973546914540e+00 9.182753287842361223e-01 8.482553693399856876e-01
6.970000000000000639e+00 1.008941350792546876e+00 9.081977082367651555e-01 8.524673182269097982e-01
6.990000000000000213e+00 1.000418141212740197e+00 8.997031707383696952e-01 8.326915772495984136e-01
7.009999999999999787e+00 9.941355349070359892e-01 8.975045984549622213e-01 8.833253642805618533e-01
7.030000000000000249e+00 9.892760720399295105e-01 8.913788715840982313e-01 8.701632447841468609e-01
7.050000000000000711e+00 9.814613881342301172e-01 8.901605416274434024e-01 8.393995444077154700e-01
7.070000000000000284e+00 9.710972425372130790e-01 8.843859035606377317e-01 8.453923274161029289e-01
7.089999999999999858e+00 9.660026722095609308e-01 8.778179113879475137e-01 8.501605138380337046e-01
7.110000000000000320e+00 9.600188629674278884e-01 8.710025830012819714e-01 8.552408428487990877e-01
7.130000000000000782e+00 9.507418677181960209e-01 8.630281331685003554e-01 8.395173924428762646e-01
7.150000000000000355e+00 9.395405465300997738e-01 8.588141818522126991e-01 8.172086448858301155e-01
7.169999999999999929e+00 9.379014077715064346e-01 8.528417720153764758e-01 8.424781994415350139e-01
7.189999999999999503e+00 9.285221577275719618e-01 8.483840929413950516e-01 8.270472746226420480e-01
7.209999999999999964e+00 9.254508062800591572e-01 8.414737035962353007e-01 8.442158462852585865e-01
7.230000000000000426e+00 9.167006733524030171e-01 8.390424927148565359e-01 8.157216126527478961e-01
7.250000000000000000e+00 9.048810653049892405e-01 8.366252647665239905e-01 8.061229386111157247e-01
7.269999999999999574e+00 9.028996316102148034e-01 8.273085667069599580e-01 8.557200989469903041e-01
7.290000000000000036e+00 8.917914233320324291e-01 8.248789181078557409e-01 8.456221366336268419e-01
7.310000000000000497e+00 8.844527133836586064e-01 8.184730590223333602e-01 8.377735387767958342e-01
7.330000000000000071e+00 8.822438215137118345e-01 8.141475828834701112e-01 8.774365350029608157e-01
7.349999999999999645e+00 8.736477758973721919e-01 8.165631784357341161e-01 8.379030523684065646e-01
7.370000000000000107e+00 8.689168171461314483e-01 8.065918866482290062e-01 8.711133572415081794e-01
7.390000000000000568e+00 8.623018486957786388e-01 8.009051860602163231e-01 8.502626414871859994e-01
7.410000000000000142e+00 8.511483502650879496e-01 8.078042720649352137e-01 8.544045633165392450e-01
7.429999999999999716e+00 8.461459764762305769e-01 8.080737775310279369e-01 8.987584488797925042e-01
7.450000000000000178e+00 8.432760415870217408e-01 8.014284047417187251e-01 8.714959427894103383e-01
7.470000000000000639e+00 8.378651354801512907e-01 8.038762971170226868e-01 8.740477294717069467e-01
7.490000000000000213e+00 8.325287105561395284e-01 7.991830468673251087e-01 8.728022082701176743e-01
7.509999999999999787e+00 8.255843989139455275e-01 7.971527690017421452e-01 8.443744582993464309e-01
7.530000000000000249e+00 8.201873216268245059e-01 7.925769989478488320e-01 8.747075792226151059e-01
7.550000000000000711e+00 8.123504281140007111e-01 7.880021443690317096e-01 8.710881005560110468e-01
7.570000000000000284e+00 8.037593780112312070e-01 7.868964781739909986e-01 8.875600220311692379e-01
7.589999999999999858e+00 8.010270332875474297e-01 7.844439128216730284e-01 8.326564908657801967e-01
7.610000000000000320e+00 7.895270872476589652e-01 7.854737064381540623e-01 8.809014259297872629e-01
7.630000000000000782e+00 7.842401119619079042e-01 7.842060932009132790e-01 8.654262955660915191e-01
7.650000000000000355e+00 7.803577760084803305e-01 7.785722463545680094e-01 8.409317058268793721e-01
7.669999999999999929e+00 7.699317433555491474e-01 7.750450437295093309e-01 8.831355533161806548e-01
7.689999999999999503e+00 7.670167921409236644e-01 7.745020736946595097e-01 8.649369982693636549e-01
7.709999999999999964e+00 7.564323768513028234e-01 7.718125043412021880e-01 8.591659146266503733e-01
7.730000000000000426e+00 7.505808551706824039e-01 7.653293088377908227e-01 8.345202653522363345e-01
7.750000000000000000e+00 7.467387812345950282e-01 7.618151633497438624e-01 8.649971905447472187e-01
7.769999999999999574e+00 7.414548700369606449e-01 7.573497418785496427e-01 8.227758676470646737e-01
7.790000000000000036e+00 7.362723416375350771e-01 7.589412537740575226e-01 8.772955225640993726e-01
7.810000000000000497e+00 7.299982767545183382e-01 7.638326536791546495e-01 8.373050944953805974e-01
7.830000000000000071e+00 7.224049600825790396e-01 7.615901230971745539e-01 8.311576422699101796e-01
7.849999999999999645e+00 7.199604863019357648e-01 7.575631780878978594e-01 8.275498256230285898e-01
7.870000000000000107e+00 7.162388168745267292e-01 7.582801032735754232e-01 8.112819512848014059e-01
7.890000000000000568e+00 7.121971771095713111e-01 7.516805493210444444e-01 8.111762112407994163e-01
7.910000000000000142e+00 7.091238864199287395e-01 7.493400232566956864e-01 8.355645246696340456e-01
7.929999999999999716e+00 7.076062043632279641e-01 7.562147716565570388e-01 8.139844502704285389e-01
7.950000000000000178e+00 7.022761566665524091e-01 7.539705671176551993e-01 8.117133900972357541e-01
7.970000000000000639e+00 6.977752318828344125e-01 7.538251478917684656e-01 7.862241253431252463e-01
7.990000000000000213e+00 6.965452685468307426e-01 7.508667261225159262e-01 7.940003910941461074e-01
